661 2.63917 -73.2267 2 14.4172 0.0100083
905 3.37875 41.0394 2 13.1775 0.00536284
3158 8.60417 -52.3819 2 22.2732 0.402654
3229 8.87958 0.515556 3 24.1323 0.389511
3794 10.1279 -16.5175 3 15.5131 0.0209563
4813 12.5337 -10.6383 2 16.0048 0.0211818
6314 16.1542 39.9867 3 13.66405 0.0105536
6920 17.5754 42.0828 3 16.8202 0.0362892
7259 18.105 -30.8022 2 15.9096 0.0268351
9544 23.1504 -49.7192 3 15.4229 0.0172709
9919 24.2779 12.1436 2 13.2325 0.0062064
10481 25.3708 -38.1278 2 14.8818 0.0169106
10800 24.4392 -82.9775 2 17.1679 0.0584007
10830 26.4163 -25.0486 2 13.4703 0.00707217
11262 27.4542 -38.4033 2 17.1008 0.0557034
12363 28.9421 -78.3628 2 20.3592 0.287286
13872 33.9217 25.0492 3 16.1056 0.0208147
14802 35.6379 -23.8108 2 17.0639 0.0371385
15524 37.6371 25.2453 2 21.3569 0.481188
16232 39.2383 24.6522 2 16.8871 0.0306214
16417 39.2388 -34.5656 2 22.2326 0.496467
16589 39.6046 -37.9844 3 16.8403 0.0295838
16673 40.0454 -9.45333 2 16.1999 0.0225552
17051 40.6117 -50.8078 2 21.3741 0.265837
17390 41.6838 -21.6472 2 20.1837 0.171314
17925 43.1192 -12.7728 2 22.506 0.50692
18256 44.1037 18.0211 2 15.3137 0.0179387
18692 44.8954 -25.285 2 20.2596 0.20156
18894 45.5346 -6.48889 2 22.7618 0.290474
18928 45.8913 28.2761 2 19.9781 0.244439
19545 46.9412 -27.8161 2 20.6714 0.239199
20210 49.0163 34.6875 2 12.9534 0.00846951
20395 49.1371 -9.14778 2 22.1206 0.256871
20631 49.6629 -18.5519 2 20.7111 0.240469
22211 53.7046 6.41806 3 16.4095 0.0341494
22701 62.4371 86.6294 2 14.3296 0.010375
22905 55.0558 -15.2264 3 17.8548 0.0693296
24164 59.1525 71.8133 2 21.0704 0.27685
24357 58.2762 17.3319 2 20.5282 0.423191
26015 61.9117 15.1683 2 21.706 0.418675
26913 63.8587 6.20111 3 18.8651 0.0924995
28271 67.2033 30.3728 2 21.4396 0.488902
29169 69.1283 23.3553 2 21.3222 0.550523
30495 71.8942 -16.9383 2 17.0729 0.0376382
31204 72.7371 -53.4489 2 20.3655 0.163448
31362 74.0492 24.61 2 21.3375 0.379237
32008 74.9579 -10.2667 2 11.829 0.00291731
35386 80.8042 -26.7061 2 16.5117 0.0238844
40745 90.0783 -12.8953 2 14.1075 0.00782487
41700 91.1233 -45.0408 3 16.4724 0.0379079
41824 91.2025 -48.4586 2 17.1269 0.049421
45947 99.52 73.6897 2 20.9143 0.327155
48682 101.677 43.5792 2 16.8318 0.0247285
48766 102.059 55.7103 2 15.6415 0.0275372
48767 102.059 55.7103 2 15.6415 0.0275372
56963 110.337 45.2147 2 21.0526 0.407541
58805 101.745 -87.0219 2 15.3939 0.0117791
62613 119.16 80.2633 3 22.0204 0.510808
63332 117.796 54.1322 2 22.3065 0.610817
64235 118.185 -5.42444 2 21.0032 0.42742
67767 122.608 25.5394 2 23.0985 0.33326
71153 126.663 24.54 2 13.9772 0.0127858
72905 129.796 65.0186 2 16.7420 0.0441199
72945 128.958 6.62167 3 16.8324 0.00889548
72946 128.958 6.62167 3 16.3235 0.00551246
74243 131.052 36.9236 2 22.401 0.543617
74688 131.338 -2.59639 2 16.7965 0.026256
75332 132.63 33.3119 2 23.8716 0.388073
77084 134.918 -19.2058 2 15.9193 0.0284635
78154 137.598 67.1294 2 15.4494 0.0230779
78661 137.46 11.5608 2 21.0158 0.246581
80719 140.231 -15.6078 2 21.536 0.384359
81809 141.945 -6.06806 2 17.8956 0.0578207
81919 141.915 -35.0019 2 12.4183 0.0039917
82428 142.919 -10.5406 2 20.2183 0.172668
82785 143.284 -39.1433 3 20.2173 0.253177
83951 145.682 35.0775 2 21.257 0.295628
87141 151.162 53.8994 2 21.1936 0.443933
89169 154.189 -20.6656 2 15.8765 0.0282066
89565 154.993 -9.06861 2 22.3375 0.448697
90839 157.658 55.9881 2 21.9536 0.490636
91480 158.782 57.0839 3 13.7817 0.0103371
91858 159.068 -10.5847 2 13.6056 0.0116814
92588 160.351 -1.73889 3 17.3275 0.0530236
93742 162.344 -4.02861 2 20.0174 0.210889
100518 173.545 11.0308 2 12.2174 0.00519642
100563 173.61 3.06389 2 17.6291 0.0450836
102634 177.256 0.3225 2 22.3735 0.548761
102713 177.428 34.9275 2 15.193 0.0240318
107192 183.857 87.6944 2 14.0022 0.00751929
108954 187.713 53.0642 2 21.831 0.481836
111164 191.807 11.9536 2 12.2394 0.00589332
111199 191.892 -6.29611 2 17.0688 0.04495
111456 192.157 60.3214 2 15.2764 0.0206306
113022 195.159 18.3778 3 15.8283 0.0253817
113337 195.462 63.6122 2 15.2467 0.0197753
116568 201.122 -5.17167 2 21.9938 0.545941
120602 207.605 5.48722 3 19.1297 0.13061
122064 209.379 61.4964 3 20.4482 0.212225
125111 214.098 39.7528 2 21.6216 0.395809
126141 215.777 25.345 2 14.8049 0.0187207
126943 216.866 41.0183 2 14.4288 0.0156666
127726 218.084 26.6917 2 20.5509 0.328638
129798 220.495 61.2581 2 21.4662 0.385035
130948 222.564 23.9197 3 16.9085 0.0554357
131156 222.85 19.1047 2 16.1762 0.0251889
133002 222.562 82.5122 2 17.7848 0.0450189
134044 226.657 36.4478 2 20.3938 0.152557
138290 232.738 8.57472 2 14.4091 0.0167001
139389 234.22 29.9872 2 15.2658 0.0225351
139798 234.572 46.8075 2 20.8534 0.300949
140232 235.477 18.4633 2 13.8136 0.0107418
140722 236.55 -28.0631 2 14.0763 0.0137444
140901 236.889 -37.9108 2 21.4164 0.376939
141675 236.904 55.3769 2 12.7761 0.00743143
144362 241.433 -6.28861 2 14.6727 0.0127472
145976 243.206 26.6778 2 21.4624 0.453028
152598 253.251 31.7017 2 12.7164 0.0050707
153653 255.118 6.58472 2 12.9698 0.00808866
154905 256.323 54.4658 2 14.9367 0.024059
154906 256.323 54.4658 2 14.9367 0.024059
157482 260.42 39.9867 2 21.6076 0.397635
162917 268.321 6.11111 2 21.4982 0.437697
165645 271.256 41.9417 2 13.9679 0.00781434
165908 271.752 30.5625 2 15.8370 0.0262713
167858 274.271 1.00194 2 14.0182 0.00750168
168092 273.688 56.6003 2 21.0783 0.290509
173494 281.168 23.5861 2 15.4104 0.0197399
176668 284.326 62.4033 3 19.3892 0.144791
177171 286.578 -52.3336 2 14.9531 0.0119857
182475 291.251 -4.8875 2 14.2388 0.0106002
187532 297.701 -10.7636 3 13.7869 0.0077515
188512 298.827 6.41333 2 17.8737 0.0589199
189296 299.092 56.685 2 11.8319 0.00382019
191096 301.344 56.3372 2 15.1059 0.0171026
191104 301.978 9.39 2 21.1794 0.392993
196755 309.78 10.085 3 17.5253 0.044908
197963 311.661 16.1325 2 20.4672 0.237567
197964 311.661 16.1325 2 20.4672 0.237567
199766 314.777 4.30444 2 20.2879 0.243561
199960 315.14 -4.72639 2 18.399 0.0718765
200163 315.748 -38.6233 2 21.328 0.254764
200525 317.276 -73.1661 2 21.4051 0.284769
204577 322.502 -19.1622 2 21.2396 0.550069
206043 324.737 20.2514 2 20.8192 0.288263
206860 326.149 14.7758 2 22.4769 0.609939
208703 329.56 -5.42306 2 14.4308 0.0103651
211415 334.543 -53.6172 2 22.3798 0.401564
211575 334.533 0.25 2 21.788 0.336932
213235 337.49 4.44528 2 20.7764 0.260738
213429 337.832 -6.55333 2 17.3822 0.0565208
218261 346.608 19.9069 2 22.3133 0.424116
218630 347.5 -42.8578 2 22.4418 0.881355
219693 349.55 -40.8203 2 14.6051 0.00992148
220096 350.307 -26.9856 3 16.5501 0.0257291
220117 350.228 38.1811 3 15.6086 0.0166622
220242 350.508 26.6314 2 22.4424 0.421869
220729 351.647 -52.7333 2 20.9658 0.252373
221970 354.115 32.9033 2 21.9974 0.353569
224758 0.103333 26.9233 2 16.8413 0.0323235
225233 1.13958 -72.9097 2 20.7616 0.283203