HD, RA, DEC, Band, Far UV Calibrated Magnitude, Far UV Error, Apparent V Magnitude, B-V Color Index, Distance, X-Ray Luminosity, Bolometric Correction
3158, 8.60417, -52.3819, 2, 22.2732, 0.402654, 5.57, 0.47, 25.6, 39.6, -0.001
3302, 8.91542, -47.9989, 2, 14.8386, 0.0128634, 5.51, 0.44, 36.2, 251.5, 0.009
3302, 8.91542, -47.9989, 2, 21.1423, 0.281346, 5.51, 0.44, 36.2, 251.5, 0.009
3794, 10.1279, -16.5175, 3, 15.5131, 0.0209563, 6.49, 0.92, 154.3, 5597.4, -0.304
4391, 11.44, -47.5531, 3, 17.5916, 0.0459342, 5.8, 0.64, 14.9, 55.8, -0.085
4391, 11.44, -47.5531, 2, 21.5227, 0.294516, 5.8, 0.64, 14.9, 55.8, -0.085
4628, 12.0654, 5.3125, 3, 22.4788, 0.44928, 5.75, 0.88, 7.5, 3.9, -0.268
4628, 12.0654, 5.3125, 3, 19.9251, 0.12828, 5.75, 0.88, 7.5, 3.9, -0.268
4813, 12.5337, -10.6383, 3, 16.0055, 0.0219192, 5.19, 0.5, 15.5, 9.5, -0.012
4813, 12.5337, -10.6383, 2, 16.0041, 0.0211818, 5.19, 0.5, 15.5, 9.5, -0.012
5190, 13.1004, -69.5064, 2, 19.8491, 0.126092, 6.22, 0.56, 61.2, 125.2, -0.039
5190, 13.1004, -69.5064, 2, 19.8219, 0.135505, 6.22, 0.56, 61.2, 125.2, -0.039
5190, 13.1004, -69.5064, 2, 17.6747, 0.0447183, 6.22, 0.56, 61.2, 125.2, -0.039
5190, 13.1004, -69.5064, 2, 17.4071, 0.0435104, 6.22, 0.56, 61.2, 125.2, -0.039
6480, 16.4679, 4.9025, 2, 17.6836, 0.0466873, 7.25, 0.49, 44.1, 67.4, -0.008
6920, 17.5754, 42.0828, 3, 16.8202, 0.0362892, 5.65, 0.6, 52.7, 302.3, -0.061
7259, 18.105, -30.8022, 2, 15.9096, 0.0268351, 6.52, 0.48, 71.2, 242.1, -0.004
9544, 23.1504, -49.7192, 3, 15.4229, 0.0172709, 6.28, 0.46, 80.6, 369.1, 0.003
10453, 25.4329, -11.3111, 2, 20.648, 0.296082, 5.75, 0.44, 37.3, 38.5, 0.009
10453, 25.4329, -11.3111, 2, 22.1314, 0.556051, 5.75, 0.44, 37.3, 38.5, 0.009
10481, 25.3708, -38.1278, 2, 14.8818, 0.0169106, 6.17, 0.42, 41.9, 136.8, 0.015
10800, 24.4392, -82.9775, 2, 17.1679, 0.0584007, 5.87, 0.61, 27.1, 180.3, -0.067
11262, 27.4542, -38.4033, 2, 17.2236, 0.0557034, 6.37, 0.52, 27.1, 14.8, -0.021
11262, 27.4542, -38.4033, 2, 16.9779, 0.0624933, 6.37, 0.52, 27.1, 14.8, -0.021
12363, 28.9421, -78.3628, 2, 20.3592, 0.287286, 6.16, 0.44, 41.3, 142, 0.009
13612, 33.1921, -2.39722, 2, 20.6662, 0.189669, 5.54, 0.57, 46.1, 45.9, -0.045
13612, 33.1921, -2.39722, 2, 17.3226, 0.0393609, 5.54, 0.57, 46.1, 45.9, -0.045
13612, 33.1921, -2.39722, 3, 17.2709, 0.038039, 5.54, 0.57, 46.1, 45.9, -0.045
13872, 33.9217, 25.0492, 3, 16.1056, 0.0208147, 5.58, 0.49, 48.1, 155.7, -0.008
14802, 35.6379, -23.8108, 2, 17.1278, 0.0371385, 5.2, 0.6, 21.9, 397.1, -0.061
14802, 35.6379, -23.8108, 3, 16.9999, 0.0486032, 5.2, 0.6, 21.9, 397.1, -0.061
15524, 37.6371, 25.2453, 2, 21.3569, 0.481188, 5.92, 0.41, 51, 491.9, 0.018
16232, 39.2383, 24.6522, 2, 16.8901, 0.0306214, 7.09, 0.5, 39.4, 721, -0.012
16417, 39.2388, -34.5656, 2, 22.0723, 0.496467, 5.79, 0.66, 25.5, 29.5, -0.098
16417, 39.2388, -34.5656, 2, 22.3928, 0.516442, 5.79, 0.66, 25.5, 29.5, -0.098
16673, 40.0454, -9.45333, 2, 16.1999, 0.0225552, 5.78, 0.52, 21.5, 35.2, -0.021
17051, 40.6117, -50.8078, 2, 21.3741, 0.265837, 5.41, 0.56, 17.2, 68.3, -0.039
17925, 43.1192, -12.7728, 2, 22.506, 0.50692, 6.04, 0.87, 10.4, 119.6, -0.259
18149, 43.4025, -38.4422, 2, 20.6908, 0.223718, 5.92, 0.44, 59.4, 416.6, 0.009
18149, 43.4025, -38.4422, 2, 22.2488, 0.42542, 5.92, 0.44, 59.4, 416.6, 0.009
18149, 43.4025, -38.4422, 2, 21.7729, 0.352547, 5.92, 0.44, 59.4, 416.6, 0.009
18692, 44.8954, -25.285, 2, 20.3072, 0.20156, 5.71, 0.4, 32.3, 117, 0.02
18692, 44.8954, -25.285, 2, 20.212, 0.186004, 5.71, 0.4, 32.3, 117, 0.02
22211, 53.7046, 6.41806, 3, 16.4095, 0.0341494, 6.49, 0.63, 134.6, 2589.1, -0.079
22905, 55.0558, -15.2264, 2, 17.7662, 0.0502744, 6.33, 0.88, 197.6, 1257.8, -0.268
22905, 55.0558, -15.2264, 3, 17.9434, 0.0693296, 6.33, 0.88, 197.6, 1257.8, -0.268
26913, 63.8587, 6.20111, 3, 18.8651, 0.0924995, 6.93, 0.7, 20.9, 158.2, -0.124
30495, 71.8942, -16.9383, 2, 17.1454, 0.0376382, 5.51, 0.63, 13.3, 68.2, -0.079
30495, 71.8942, -16.9383, 3, 17.0003, 0.0406021, 5.51, 0.63, 13.3, 68.2, -0.079
31662, 75.3979, 61.0842, 2, 15.14, 0.015173, 6.03, 0.41, 36.9, 104.7, 0.018
31662, 75.3979, 61.0842, 2, 21.2326, 0.337418, 6.03, 0.41, 36.9, 104.7, 0.018
32008, 74.9579, -10.2667, 2, 11.829, 0.00291731, 5.38, 0.8, 54.7, 1225.9, -0.2
32743, 75.7058, -49.1594, 2, 21.8904, 0.558596, 5.38, 0.42, 26.2, 104.9, 0.015
32743, 75.7058, -49.1594, 2, 14.6721, 0.018258, 5.38, 0.42, 26.2, 104.9, 0.015
32743, 75.7058, -49.1594, 2, 14.8707, 0.0188496, 5.38, 0.42, 26.2, 104.9, 0.015
32743, 75.7058, -49.1594, 2, 20.0237, 0.24406, 5.38, 0.42, 26.2, 104.9, 0.015
35386, 80.8042, -26.7061, 2, 16.5117, 0.0238844, 6.49, 0.5, 52.4, 247.7, -0.012
41700, 91.1233, -45.0408, 3, 16.4724, 0.0379079, 6.35, 0.52, 26.7, 427.6, -0.021
41824, 91.2025, -48.4586, 2, 17.1269, 0.049421, 6.58, 0.72, 29.7, 1809.6, -0.139
43162, 93.435, -23.8617, 3, 18.0772, 0.0671937, 6.39, 0.72, 16.7, 136.3, -0.139
43162, 93.435, -23.8617, 2, 20.5329, 0.23946, 6.39, 0.72, 16.7, 136.3, -0.139
48682, 101.677, 43.5792, 2, 16.8318, 0.0247285, 5.25, 0.56, 16.5, 11.4, -0.039
48766, 102.059, 55.7103, 2, 15.6415, 0.0275372, 6.28, 0.47, 47, 217, -0.001
58805, 101.745, -87.0219, 2, 15.3939, 0.0117791, 6.47, 0.42, 39.1, 36.8, 0.015
62613, 119.16, 80.2633, 3, 22.0204, 0.510808, 6.56, 0.73, 17, 3.4, -0.146
63332, 117.796, 54.1322, 2, 22.3065, 0.610817, 6.02, 0.46, 30, 28.5, 0.003
64235, 118.185, -5.42444, 2, 21.0032, 0.42742, 5.76, 0.41, 40.9, 557, 0.018
68255, 123.057, 17.6522, 2, 19.2484, 0.108971, 6.2, 0.6, 25.6, 52.5, -0.061
68255, 123.057, 17.6522, 2, 15.8082, 0.0201795, 6.2, 0.6, 25.6, 52.5, -0.061
68256, 123.057, 17.6522, 2, 19.2484, 0.108971, 6.02, 0.54, 25.6, 52.5, -0.03
68256, 123.057, 17.6522, 2, 15.8082, 0.0201795, 6.02, 0.54, 25.6, 52.5, -0.03
71153, 126.663, 24.54, 2, 13.8987, 0.0127858, 7.81, 0.52, 76, 1321.3, -0.021
71153, 126.663, 24.54, 2, 14.1259, 0.0116659, 7.81, 0.52, 76, 1321.3, -0.021
72905, 129.796, 65.0186, 2, 16.7511, 0.0492044, 5.64, 0.62, 14.3, 128.4, -0.073
72905, 129.796, 65.0186, 2, 16.7329, 0.0441199, 5.64, 0.62, 14.3, 128.4, -0.073
74688, 131.338, -2.59639, 2, 16.7965, 0.026256, 6.41, 0.52, 87, 281.6, -0.021
77084, 134.918, -19.2058, 2, 15.9193, 0.0284635, 6.18, 0.46, 39.6, 116.7, 0.003
78154, 137.598, 67.1294, 2, 15.4494, 0.0230779, 4.8, 0.49, 20.5, 12.3, -0.008
87141, 151.162, 53.8994, 2, 21.1936, 0.443933, 5.74, 0.48, 47.3, 105.6, -0.004
89169, 154.189, -20.6656, 2, 15.8765, 0.0282066, 6.57, 0.48, 102, 551.4, -0.004
89995, 155.83, 5.69472, 2, 22.383, 0.499393, 6.54, 0.46, 55.7, 91.9, 0.003
89995, 155.83, 5.69472, 2, 21.736, 0.375642, 6.54, 0.46, 55.7, 91.9, 0.003
90839, 157.658, 55.9881, 2, 15.6716, 0.0257975, 4.84, 0.52, 12.9, 18.4, -0.021
90839, 157.658, 55.9881, 2, 20.9533, 0.326141, 4.84, 0.52, 12.9, 18.4, -0.021
90839, 157.658, 55.9881, 2, 21.9536, 0.490636, 4.84, 0.52, 12.9, 18.4, -0.021
91706, 158.743, -23.1836, 2, 21.6632, 0.312266, 6.1, 0.5, 63.5, 140.7, -0.012
91706, 158.743, -23.1836, 2, 15.9055, 0.0194639, 6.1, 0.5, 63.5, 140.7, -0.012
92588, 160.351, -1.73889, 3, 17.3275, 0.0530236, 6.26, 0.88, 34.4, 140, -0.268
94388, 163.371, -20.1319, 2, 15.7334, 0.0206204, 5.24, 0.47, 31.3, 74.4, -0.001
94388, 163.371, -20.1319, 2, 20.9086, 0.26984, 5.24, 0.47, 31.3, 74.4, -0.001
94388, 163.371, -20.1319, 3, 15.8162, 0.0187562, 5.24, 0.47, 31.3, 74.4, -0.001
97855, 169.006, 52.7714, 2, 16.0758, 0.0316434, 6.5, 0.43, 39.1, 28.7, 0.012
97855, 169.006, 52.7714, 2, 22.1216, 0.537738, 6.5, 0.43, 39.1, 28.7, 0.012
