HD, RA, DEC, Band, Far UV Calibrated Magnitude, Far UV Error, Apparent V Magnitude, B-V Color Index, Distance, X-Ray Luminosity, Bolometric Correction
107192, 183.857, 87.6944, 2, 14.2116, 0.00751929, 6.28, 0.35, 46.6, 237.9, 0.03
107192, 183.857, 87.6944, 2, 13.7928, 0.00824331, 6.28, 0.35, 46.6, 237.9, 0.03
108954, 187.713, 53.0642, 2, 21.831, 0.481836, 6.21, 0.54, 21.9, 11.9, -0.03
111164, 191.807, 11.9536, 2, 12.2394, 0.00589332, 6.07, 0.12, 74.6, 281.5, 0.015
111199, 191.892, -6.29611, 2, 17.0688, 0.04495, 6.26, 0.55, 66.3, 135.1, -0.035
111456, 192.157, 60.3214, 2, 15.2764, 0.0206306, 5.85, 0.46, 24.2, 256.8, 0.003
113022, 195.159, 18.3778, 3, 15.8283, 0.0253817, 0, 0, 0, 0, 0
113337, 195.462, 63.6122, 2, 15.2467, 0.0197753, 0, 0, 0, 0, 0
116568, 201.122, -5.17167, 2, 21.9938, 0.545941, 0, 0, 0, 0, 0
118646, 204.683, -29.5589, 2, 14.3346, 0.0104284, 0, 0, 0, 0, 0
118646, 204.683, -29.5589, 2, 14.5767, 0.00955967, 0, 0, 0, 0, 0
118646, 204.683, -29.5589, 2, 21.2612, 0.346478, 0, 0, 0, 0, 0
118646, 204.683, -29.5589, 2, 21.2924, 0.349935, 0, 0, 0, 0, 0
118889, 204.911, 10.7425, 2, 21.5918, 0.454673, 0, 0, 0, 0, 0
118889, 204.911, 10.7425, 2, 20.4692, 0.288161, 0, 0, 0, 0, 0
120602, 207.605, 5.48722, 3, 19.1297, 0.13061, 0, 0, 0, 0, 0
122064, 209.379, 61.4964, 3, 20.4482, 0.212225, 0, 0, 0, 0, 0
122510, 210.751, -31.6822, 2, 20.1804, 0.321236, 0, 0, 0, 0, 0
122510, 210.751, -31.6822, 2, 15.7455, 0.0248223, 0, 0, 0, 0, 0
122510, 210.751, -31.6822, 2, 15.5639, 0.0283188, 0, 0, 0, 0, 0
125111, 214.098, 39.7528, 2, 21.6216, 0.395809, 0, 0, 0, 0, 0
126141, 215.777, 25.345, 2, 14.6493, 0.0187207, 0, 0, 0, 0, 0
126141, 215.777, 25.345, 3, 14.9604, 0.0208393, 0, 0, 0, 0, 0
126943, 216.866, 41.0183, 2, 14.4288, 0.0156666, 0, 0, 0, 0, 0
127726, 218.084, 26.6917, 2, 20.3989, 0.328638, 0, 0, 0, 0, 0
127726, 218.084, 26.6917, 2, 20.7028, 0.34955, 0, 0, 0, 0, 0
127739, 218.14, 22.2586, 2, 14.2088, 0.014836, 0, 0, 0, 0, 0
127739, 218.14, 22.2586, 2, 14.3945, 0.0136831, 0, 0, 0, 0, 0
127739, 218.14, 22.2586, 2, 20.933, 0.353571, 0, 0, 0, 0, 0
127821, 217.705, 63.1911, 2, 14.8601, 0.0193502, 0, 0, 0, 0, 0
127821, 217.705, 63.1911, 2, 15.1437, 0.0182713, 0, 0, 0, 0, 0
127821, 217.705, 63.1911, 2, 21.0035, 0.355516, 0, 0, 0, 0, 0
129798, 220.495, 61.2581, 2, 21.4662, 0.385035, 0, 0, 0, 0, 0
130948, 222.564, 23.9197, 3, 16.9085, 0.0554357, 0, 0, 0, 0, 0
131156, 222.85, 19.1047, 2, 16.1762, 0.0251889, 0, 0, 0, 0, 0
133002, 222.562, 82.5122, 2, 17.7848, 0.0450189, 0, 0, 0, 0, 0
133484, 225.787, 44.6419, 2, 15.839, 0.0377293, 0, 0, 0, 0, 0
133484, 225.787, 44.6419, 2, 21.6021, 0.536575, 0, 0, 0, 0, 0
133484, 225.787, 44.6419, 2, 15.9375, 0.0198648, 0, 0, 0, 0, 0
134044, 226.657, 36.4478, 2, 20.193, 0.152557, 0, 0, 0, 0, 0
134044, 226.657, 36.4478, 2, 20.5946, 0.213626, 0, 0, 0, 0, 0
137107, 230.804, 30.2942, 2, 16.482, 0.0292868, 0, 0, 0, 0, 0
137107, 230.804, 30.2942, 2, 21.5836, 0.423644, 0, 0, 0, 0, 0
137108, 230.804, 30.2942, 2, 16.482, 0.0292868, 0, 0, 0, 0, 0
137108, 230.804, 30.2942, 2, 21.5836, 0.423644, 0, 0, 0, 0, 0
138268, 232.916, -20.1581, 2, 18.0468, 0.1357, 0, 0, 0, 0, 0
138268, 232.916, -20.1581, 2, 19.8233, 0.300281, 0, 0, 0, 0, 0
138290, 232.738, 8.57472, 2, 14.4584, 0.0167001, 0, 0, 0, 0, 0
138290, 232.738, 8.57472, 2, 14.3598, 0.013119, 0, 0, 0, 0, 0
139389, 234.22, 29.9872, 2, 15.2658, 0.0225351, 0, 0, 0, 0, 0
139777, 232.338, 80.4486, 3, 19.0304, 0.0771716, 0, 0, 0, 0, 0
139777, 232.338, 80.4486, 2, 19.061, 0.0837416, 0, 0, 0, 0, 0
139777, 232.338, 80.4486, 2, 17.7738, 0.0431063, 0, 0, 0, 0, 0
139777, 232.338, 80.4486, 2, 17.8938, 0.0489876, 0, 0, 0, 0, 0
139798, 234.572, 46.8075, 2, 20.8928, 0.300949, 0, 0, 0, 0, 0
139798, 234.572, 46.8075, 2, 20.8139, 0.39215, 0, 0, 0, 0, 0
140232, 235.477, 18.4633, 2, 13.8136, 0.0107418, 0, 0, 0, 0, 0
140722, 236.55, -28.0631, 2, 14.0763, 0.0137444, 0, 0, 0, 0, 0
140901, 236.889, -37.9108, 2, 21.4164, 0.376939, 0, 0, 0, 0, 0
141675, 236.904, 55.3769, 2, 12.7213, 0.00743143, 0, 0, 0, 0, 0
141675, 236.904, 55.3769, 2, 12.8308, 0.00695679, 0, 0, 0, 0, 0
144362, 241.433, -6.28861, 2, 14.6727, 0.0127472, 0, 0, 0, 0, 0
145976, 243.206, 26.6778, 2, 21.4624, 0.453028, 0, 0, 0, 0, 0
146361, 243.671, 33.8656, 2, 21.4687, 0.353017, 0, 0, 0, 0, 0
146361, 243.671, 33.8656, 2, 14.8927, 0.0139928, 0, 0, 0, 0, 0
146361, 243.671, 33.8656, 3, 14.8504, 0.0159781, 0, 0, 0, 0, 0
146362, 243.671, 33.8656, 3, 14.8504, 0.0159781, 0, 0, 0, 0, 0
146362, 243.671, 33.8656, 2, 14.8927, 0.0139928, 0, 0, 0, 0, 0
146362, 243.671, 33.8656, 2, 21.4687, 0.353017, 0, 0, 0, 0, 0
147365, 244.987, 39.7108, 2, 22.083, 0.410119, 0, 0, 0, 0, 0
147365, 244.987, 39.7108, 2, 14.2763, 0.0102966, 0, 0, 0, 0, 0
152311, 253.353, -20.4164, 3, 18.9467, 0.13119, 0, 0, 0, 0, 0
152311, 253.353, -20.4164, 2, 20.9488, 0.394677, 0, 0, 0, 0, 0
152598, 253.251, 31.7017, 2, 12.7164, 0.0050707, 0, 0, 0, 0, 0
153653, 255.118, 6.58472, 2, 13.0851, 0.00715021, 0, 0, 0, 0, 0
153653, 255.118, 6.58472, 2, 12.8544, 0.00808866, 0, 0, 0, 0, 0
154905, 256.323, 54.4658, 2, 14.8937, 0.024059, 0, 0, 0, 0, 0
154905, 256.323, 54.4658, 2, 14.9797, 0.020346, 0, 0, 0, 0, 0
154906, 256.323, 54.4658, 2, 14.8937, 0.024059, 0, 0, 0, 0, 0
154906, 256.323, 54.4658, 2, 14.9797, 0.020346, 0, 0, 0, 0, 0
157482, 260.42, 39.9867, 2, 21.6076, 0.397635, 0, 0, 0, 0, 0
159222, 263.004, 34.2778, 3, 18.9335, 0.109096, 0, 0, 0, 0, 0
159222, 263.004, 34.2778, 2, 21.9199, 0.465261, 0, 0, 0, 0, 0
162076, 267.097, 20.5667, 3, 19.1657, 0.125841, 0, 0, 0, 0, 0
162076, 267.097, 20.5667, 3, 19.0672, 0.113147, 0, 0, 0, 0, 0
162076, 267.097, 20.5667, 2, 21.305, 0.352975, 0, 0, 0, 0, 0
162917, 268.321, 6.11111, 2, 21.4982, 0.437697, 0, 0, 0, 0, 0
165645, 271.256, 41.9417, 2, 13.8364, 0.00781434, 0, 0, 0, 0, 0
165645, 271.256, 41.9417, 2, 14.0994, 0.0148073, 0, 0, 0, 0, 0
165908, 271.752, 30.5625, 2, 15.654, 0.0262713, 0, 0, 0, 0, 0
165908, 271.752, 30.5625, 2, 16.0199, 0.0244547, 0, 0, 0, 0, 0
167425, 274.915, -63.8806, 2, 19.7119, 0.172578, 0, 0, 0, 0, 0
167425, 274.915, -63.8806, 2, 19.122, 0.134366, 0, 0, 0, 0, 0
167425, 274.915, -63.8806, 2, 17.2902, 0.0340114, 0, 0, 0, 0, 0
167858, 274.271, 1.00194, 2, 13.9282, 0.00973613, 0, 0, 0, 0, 0
167858, 274.271, 1.00194, 2, 14.1081, 0.00750168, 0, 0, 0, 0, 0
168092, 273.688, 56.6003, 2, 21.0783, 0.290509, 0, 0, 0, 0, 0
172187, 279.19, 43.2186, 2, 21.3722, 0.374661, 0, 0, 0, 0, 0
172187, 279.19, 43.2186, 2, 12.9008, 0.00570249, 0, 0, 0, 0, 0
172187, 279.19, 43.2186, 2, 13.2951, 0.00748027, 0, 0, 0, 0, 0
173494, 281.168, 23.5861, 2, 15.4104, 0.0197399, 0, 0, 0, 0, 0
176668, 284.326, 62.4033, 3, 19.3892, 0.144791, 0, 0, 0, 0, 0
177171, 286.578, -52.3336, 2, 14.9531, 0.0119857, 0, 0, 0, 0, 0
182475, 291.251, -4.8875, 2, 14.2388, 0.0106002, 0, 0, 0, 0, 0
187532, 297.701, -10.7636, 3, 13.7869, 0.0077515, 0, 0, 0, 0, 0
188512, 298.827, 6.41333, 2, 17.8737, 0.0589199, 0, 0, 0, 0, 0
189296, 299.092, 56.685, 2, 11.8319, 0.00382019, 0, 0, 0, 0, 0
190422, 301.892, -55.0139, 2, 22.1845, 0.393478, 0, 0, 0, 0, 0
190422, 301.892, -55.0139, 2, 16.7873, 0.0288435, 0, 0, 0, 0, 0
191096, 301.344, 56.3372, 2, 15.1059, 0.0171026, 0, 0, 0, 0, 0
191104, 301.978, 9.39, 2, 21.1794, 0.392993, 0, 0, 0, 0, 0
196755, 309.78, 10.085, 3, 17.5253, 0.044908, 0, 0, 0, 0, 0
197963, 311.661, 16.1325, 2, 20.6755, 0.237567, 0, 0, 0, 0, 0
197963, 311.661, 16.1325, 2, 20.2589, 0.214348, 0, 0, 0, 0, 0
197964, 311.661, 16.1325, 2, 20.6755, 0.237567, 0, 0, 0, 0, 0
197964, 311.661, 16.1325, 2, 20.2589, 0.214348, 0, 0, 0, 0, 0
199603, 314.686, -14.48, 2, 17.0386, 0.0563463, 0, 0, 0, 0, 0
199603, 314.686, -14.48, 2, 20.507, 0.248642, 0, 0, 0, 0, 0
199766, 314.777, 4.30444, 2, 20.2879, 0.243561, 0, 0, 0, 0, 0
199960, 315.14, -4.72639, 2, 18.399, 0.0718765, 0, 0, 0, 0, 0
200163, 315.748, -38.6233, 2, 21.328, 0.254764, 0, 0, 0, 0, 0
200525, 317.276, -73.1661, 2, 21.4051, 0.284769, 0, 0, 0, 0, 0
204577, 322.502, -19.1622, 2, 21.4207, 0.550069, 0, 0, 0, 0, 0
204577, 322.502, -19.1622, 2, 21.0585, 0.467384, 0, 0, 0, 0, 0
206043, 324.737, 20.2514, 2, 20.8192, 0.288263, 0, 0, 0, 0, 0
206860, 326.149, 14.7758, 2, 22.4769, 0.609939, 0, 0, 0, 0, 0
208496, 329.617, -59.0072, 3, 15.2924, 0.0141049, 0, 0, 0, 0, 0
208496, 329.617, -59.0072, 2, 21.4979, 0.292536, 0, 0, 0, 0, 0
208703, 329.56, -5.42306, 2, 14.4308, 0.0103651, 0, 0, 0, 0, 0
211415, 334.543, -53.6172, 2, 22.2986, 0.401564, 0, 0, 0, 0, 0
211415, 334.543, -53.6172, 2, 22.461, 0.423449, 0, 0, 0, 0, 0
211575, 334.533, 0.25, 2, 21.788, 0.336932, 0, 0, 0, 0, 0
213235, 337.49, 4.44528, 2, 20.7764, 0.260738, 0, 0, 0, 0, 0
213429, 337.832, -6.55333, 2, 17.3887, 0.0565208, 0, 0, 0, 0, 0
213429, 337.832, -6.55333, 2, 17.3757, 0.0518264, 0, 0, 0, 0, 0
215121, 341.067, -60.4925, 2, 20.5787, 0.237677, 0, 0, 0, 0, 0
215121, 341.067, -60.4925, 2, 21.4986, 0.331146, 0, 0, 0, 0, 0
215121, 341.067, -60.4925, 2, 20.2162, 0.183625, 0, 0, 0, 0, 0
215121, 341.067, -60.4925, 2, 13.8378, 0.00837957, 0, 0, 0, 0, 0
215121, 341.067, -60.4925, 2, 13.8313, 0.0078392, 0, 0, 0, 0, 0
218261, 346.608, 19.9069, 2, 22.3133, 0.424116, 0, 0, 0, 0, 0
218630, 347.5, -42.8578, 2, 22.6298, 0.881355, 0, 0, 0, 0, 0
218630, 347.5, -42.8578, 2, 22.2538, 0.474199, 0, 0, 0, 0, 0
219693, 349.55, -40.8203, 2, 14.6051, 0.00992148, 0, 0, 0, 0, 0
220096, 350.307, -26.9856, 3, 16.5512, 0.0257291, 0, 0, 0, 0, 0
220096, 350.307, -26.9856, 3, 16.5489, 0.0271597, 0, 0, 0, 0, 0
220117, 350.228, 38.1811, 3, 15.6215, 0.0166622, 0, 0, 0, 0, 0
220117, 350.228, 38.1811, 2, 15.5956, 0.0149505, 0, 0, 0, 0, 0
220242, 350.508, 26.6314, 2, 22.4424, 0.421869, 0, 0, 0, 0, 0
220729, 351.647, -52.7333, 2, 20.9658, 0.252373, 0, 0, 0, 0, 0
221970, 354.115, 32.9033, 2, 21.9974, 0.353569, 0, 0, 0, 0, 0
224758, 0.103333, 26.9233, 2, 16.8413, 0.0323235, 0, 0, 0, 0, 0
225233, 1.13958, -72.9097, 2, 20.7616, 0.283203, 0, 0, 0, 0, 0
