HD, RA, DEC, Band, Far UV Calibrated Magnitude, Far UV Error, Apparent V Magnitude, B-V Color Index, Distance, X-Ray Luminosity, Bolometric Correction
123, 1.545, 58.44
166, 1.63625, 29.04
203, 1.70125, -23.1097
661, 2.63917, -73.2267
905, 3.37875, 41.0394
1061, 3.73542, 8.82278
1185, 4.08708, 43.6058
1343, 4.39292, -19.0608
1835, 5.695, -12.2119
2151, 6.15792, -77.2625
2421, 7.06583, 44.4033
2475, 7.10708, -20.33
2726, 7.60417, -48.2139
3158, 8.60417, -52.3819
3196, 8.80042, -3.59889
3229, 8.87958, 0.515556
3302, 8.91542, -47.9989
3794, 10.1279, -16.5175
4089, 10.6146, -65.4683
4150, 10.8237, -57.4686
4222, 11.3271, 55.2139
4295, 11.6296, 69.3303
4391, 11.44, -47.5531
4614, 12.205, 57.8289
4628, 12.0654, 5.3125
4676, 12.2392, 16.9456
4813, 12.5337, -10.6383
5015, 13.2721, 61.1103
5156, 13.2987, -24.7733
5190, 13.1004, -69.5064
6210, 16.0746, 61.6036
6288, 15.9587, 1.37056
6301, 16.0892, 29.6869
6314, 16.1542, 39.9867
6479, 16.4679, 4.9025
6480, 16.4679, 4.9025
6668, 16.7858, -23.9986
6680, 16.9775, 32.0178
6695, 16.9892, 20.7344
6706, 16.9279, -9.78222
6920, 17.5754, 42.0828
7238, 19.1233, 79.9128
7259, 18.105, -30.8022
7344, 18.4275, 7.58028
7345, 18.4275, 7.58028
7439, 18.6058, -7.93694
7570, 18.7521, -45.5375
7788, 18.9171, -68.8719
7804, 19.4412, 3.61056
8272, 20.8346, 58.1397
8375, 20.8854, 34.2392
8424, 21.4383, 70.9714
8556, 21.1063, -6.91167
8589, 21.15, -15.6619
8673, 21.5158, 34.5872
8723, 21.5737, 19.1703
8774, 21.7663, 34.3531
8799, 21.9079, 45.4025
8803, 21.7171, 3.53639
9021, 22.8013, 70.2667
9030, 22.7179, 66.1
9132, 22.3979, -21.6164
9544, 23.1504, -49.7192
9826, 24.1996, 41.4108
9906, 24.0521, -29.9058
9919, 24.2779, 12.1436
10453, 25.4329, -11.3111
10481, 25.3708, -38.1278
10543, 26.0754, 57.5369
10697, 26.2175, 20.0858
10700, 26.0613, -15.9639
10780, 26.8725, 63.8672
10800, 24.4392, -82.9775
10830, 26.4163, -25.0486
10874, 26.935, 46.2331
11031, 27.3288, 47.8981
11151, 27.7504, 51.9464
11257, 27.7042, 11.0461
11262, 27.4542, -38.4033
11443, 28.2758, 29.5936
11973, 29.4967, 23.6047
12111, 30.5117, 70.9014
12230, 31.2404, 77.2822
12235, 30.0446, 3.11861
12311, 29.6725, -61.5642
12363, 28.9421, -78.3628
13445, 32.49, -50.8444
13456, 32.8271, -10.0456
13594, 33.5062, 47.5019
13612, 33.1921, -2.39722
13871, 33.9263, 25.7492
13872, 33.9217, 25.0492
13974, 34.1879, 34.2314
14691, 35.4938, -10.7764
14802, 35.6379, -23.8108
15089, 37.2629, 67.3992
15144, 36.49, -15.3322
15524, 37.6371, 25.2453
15798, 38.0121, -15.2411
15814, 38.2454, 15.0414
16160, 38.9708, 6.85361
16170, 38.5021, -51.0783
16176, 39.2313, 38.7361
16232, 39.2383, 24.6522
16417, 39.2388, -34.5656
16589, 39.6046, -37.9844
16620, 39.8804, -11.8689
16673, 40.0454, -9.45333
16739, 40.5546, 40.1947
16754, 39.9492, -42.9033
16765, 40.3, 0.704722
16895, 41.0446, 49.2253
16920, 40.1763, -54.5553
16955, 40.9521, 25.6583
16970, 40.8246, 3.24222
17051, 40.6117, -50.8078
17094, 41.2192, 10.1231
17138, 42.2308, 69.6361
17168, 41.0729, -32.5269
17206, 41.2821, -18.5778
17240, 41.765, 35.5703
17390, 41.6838, -21.6472
17438, 41.8021, -22.4978
17864, 42.715, -39.9375
17904, 43.4271, 38.3431
17925, 43.1192, -12.7728
17948, 43.975, 61.5239
18149, 43.4025, -38.4422
18256, 44.1037, 18.0211
18404, 44.4996, 20.6686
18466, 44.3079, -29.8644
18692, 44.8954, -25.285
18894, 45.5346, -6.48889
18928, 45.8913, 28.2761
19373, 47.2012, 49.6178
19545, 46.9412, -27.8161
20010, 48.0013, -29.0069
20149, 48.8233, 30.5556
20193, 48.9467, 32.8547
20210, 49.0163, 34.6875
20277, 49.1658, 32.1864
20395, 49.1371, -9.14778
20630, 49.8292, 3.36417
20631, 49.6629, -18.5519
20675, 50.4417, 49.0778
20766, 49.3617, -62.6022
20794, 49.8575, -43.0878
20995, 51.1129, 33.5389
21379, 51.8275, 12.7328
21423, 51.49, -35.9328
21903, 53.7446, 60.0539
22001, 52.3133, -62.9578
22049, 53.2558, -9.46222
22211, 53.7046, 6.41806
22468, 54.2092, 0.5975
22701, 62.4371, 86.6294
22905, 55.0558, -15.2264
23249, 55.8254, -9.7825
23793, 57.0708, 11.1417
24071, 57.1454, -37.6108
24164, 59.1525, 71.8133
24357, 58.2762, 17.3319
24546, 59.1558, 50.6931
24554, 58.5554, -2.9375
24740, 59.2008, 22.4911
24760, 59.4525, 40.0067
25102, 59.9167, 10.3181
25202, 60.2121, 18.1994
25346, 59.6608, -57.0997
25457, 60.6525, 0.271667
25570, 60.9742, 8.1925
25621, 61.0283, 2.82528
25680, 61.3254, 22.0067
25867, 61.7492, 29.0036
25998, 62.1362, 38.0506
26015, 61.9117, 15.1683
26101, 63.2221, 68.5283
26322, 62.6992, 26.4786
26690, 63.3967, 7.72194
26764, 64.1775, 53.6344
26911, 63.9417, 15.4008
26913, 63.8587, 6.20111
26923, 63.8838, 6.20083
26961, 64.5537, 50.2975
26965, 63.8887, -7.56639
27084, 64.8, 50.0453
27176, 64.5771, 21.5789
27309, 64.8796, 21.7761
27322, 65.4613, 56.5069
27397, 64.98, 14.0417
27429, 65.0996, 18.7242
27442, 64.1096, -59.2883
27483, 65.2038, 13.8731
27536, 65.1496, -6.24389
27628, 65.5058, 14.0703
27710, 65.3617, -25.7133
27749, 65.8567, 16.7675
27786, 66.145, 33.9656
27819, 66.0387, 17.4492
27901, 66.2296, 19.0475
27962, 66.3688, 17.9297
27991, 66.4246, 15.9458
28052, 66.5717, 15.6111
28246, 66.335, -44.1564
28255, 66.0683, -57.0553
28271, 67.2033, 30.3728
28294, 67.0888, 14.7231
28485, 67.5229, 15.6358
28556, 67.655, 13.7347
28677, 67.9754, 15.8486
28736, 68.0033, 5.39778
28763, 67.88, -13.6517
29140, 68.9225, 10.1564
29169, 69.1283, 23.3553
29316, 69.9804, 53.4831
29329, 71.4842, 76.6094
29364, 69.6438, 26.9508
29375, 69.5542, 16.0511
29388, 69.545, 12.5175
29391, 69.4075, -2.465
29646, 70.3142, 28.6114
29867, 70.9429, 32.8725
29875, 70.1363, -41.8569
29992, 70.5079, -37.1433
30121, 72.0062, 56.765
30495, 71.8942, -16.9383
30652, 72.4446, 6.9575
30985, 72.5633, -41.3128
31203, 72.7367, -53.4656
31204, 72.7371, -53.4489
31278, 74.3308, 53.7431
31362, 74.0492, 24.61
31623, 74.32, -1.07694
31647, 74.8208, 37.8869
31662, 75.3979, 61.0842
31675, 75.7046, 66.8328
31746, 73.7046, -58.5586
31761, 75.0696, 39.4014
32008, 74.9579, -10.2667
32147, 75.2012, -5.71861
32537, 76.6604, 51.6211
32608, 76.4958, 35.9378
32715, 77.4575, 64.9158
32743, 75.7058, -49.1594
32964, 76.6862, -4.64917
33054, 76.9858, 8.49861
33167, 77.685, 46.9608
33204, 77.4437, 28.0453
33256, 77.1879, -4.45389
33262, 76.3804, -57.4833
33564, 80.6596, 79.2269
33608, 77.8317, -2.49333
33875, 76.5458, -73.0394
33959, 78.8296, 32.6989
34180, 78.8417, -1.40278
34499, 79.8487, 33.9894
34721, 79.7012, -18.1286
35296, 81.1021, 17.3764
35317, 80.9721, 0.856389
35386, 80.8042, -26.7061
35850, 81.7892, -11.8983
36570, 84.3208, 64.1667
36777, 83.5667, 3.76889
37394, 85.3283, 53.4886
37430, 84.3375, -27.8736
37495, 84.4521, -28.6914
37501, 83.7487, -61.1714
37594, 84.8708, -3.56083
38089, 85.7142, -6.8025
38385, 85.8742, -39.4058
38392, 86.1267, -22.4072
38529, 86.6421, 1.18889
38858, 87.1408, -4.08278
39587, 88.6113, 20.2875
39937, 88.0679, -57.1625
40292, 88.7258, -52.6517
40745, 90.0783, -12.8953
40932, 90.6004, 9.65083
41547, 91.355, -10.2408
41700, 91.1233, -45.0408
41824, 91.2025, -48.4586
42111, 92.255, 2.50111
42278, 92.4004, -5.70083
42301, 92.2513, -22.4167
42303, 91.9771, -42.1489
42443, 92.4471, -22.7686
42807, 93.3104, 10.6411
42818, 94.7046, 69.3178
43017, 93.9125, 36.1703
43042, 93.7242, 19.1711
43162, 93.435, -23.8617
43358, 93.9671, 1.16778
43378, 94.9067, 59.0131
43386, 94.1017, 12.2669
43683, 94.5233, 14.3797
43821, 94.6696, 9.06139
43834, 92.5433, -74.745
43940, 94.3087, -37.2378
44092, 95.2954, 29.5397
44333, 95.3529, 2.27111
44769, 95.9504, 4.59861
44770, 95.9504, 4.59861
45229, 95.7233, -56.37
45380, 96.6829, -7.50889
45638, 97.2637, 11.0197
45680, 96.7754, -37.895
45947, 99.52, 73.6897
46273, 97.4425, -50.2358
46304, 98.0992, -5.8725
46588, 101.58, 79.5753
47105, 99.4183, 16.3992
47144, 98.8696, -36.7817
47415, 99.8829, 24.595
48097, 100.606, 17.6544
48189, 99.5196, -61.5242
48501, 100.705, -22.4483
48543, 100.547, -38.3978
48682, 101.677, 43.5792
48767, 102.059, 55.7103
48766, 102.059, 55.7103
48915, 101.292, -16.6869
49095, 101.342, -31.7883
49434, 102.094, -1.31056
49933, 102.701, 0.533056
50018, 103.27, 38.8636
50223, 102.48, -46.6336
50241, 102.06, -61.9483
50277, 103.211, 8.37917
50282, 103.081, -5.32028
50635, 103.658, 13.1753
51733, 104.384, -24.6333
51825, 104.321, -35.5169
52362, 104.678, -45.7711
52619, 105.189, -28.4914
53253, 105.574, -43.3958
53952, 106.385, -34.7694
54118, 106.091, -56.7522
54958, 107.552, -18.6794
55568, 108.04, -30.8181
55864, 107.186, -70.4989
55892, 108.144, -46.7533
56963, 110.337, 45.2147
56986, 110.044, 21.9828
57167, 109.852, -16.3839
57852, 110.08, -52.3217
57853, 110.08, -52.3217
58461, 111.304, -13.7469
58728, 111.936, 21.4486
58805, 101.745, -87.0219
58946, 112.278, 31.7794
59466, 112.106, -37.8056
59967, 112.689, -37.3442
60178, 113.651, 31.8839
60179, 113.651, 31.8839
60584, 113.585, -23.4681
60585, 113.585, -23.4681
60951, 114.024, -22.1553
61421, 114.853, 5.25528
61859, 115.673, 33.9992
62613, 119.16, 80.2633
62952, 116.477, -14.56
63332, 117.796, 54.1322
63336, 116.999, -12.1978
64185, 117.291, -60.2869
64235, 118.185, -5.42444
64379, 118.065, -34.7247
64685, 118.858, 8.85361
65626, 120.663, 57.2747
65810, 119.971, -18.39
66011, 120.482, 8.90667
67006, 122.108, 51.5119
67767, 122.608, 25.5394
68257, 123.057, 17.6356
68256, 123.057, 17.6522
68255, 123.057, 17.6522
68456, 122.25, -61.2789
68457, 123.958, 60.3808
69548, 125.115, 57.7378
69830, 124.604, -12.6114
69863, 123.83, -62.9253
70267, 124.489, -59.18
70302, 125.113, -22.9328
70958, 126.177, -3.75722
71153, 126.663, 24.54
71196, 126.333, -21.0589
71663, 127.137, -2.51472
71973, 129.212, 74.7258
72291, 128.334, 36.4275
72688, 128.253, -34.6411
72905, 129.796, 65.0186
72945, 128.958, 6.62167
72946, 128.958, 6.62167
73029, 129.786, 59.9347
73262, 129.425, 5.70139
73752, 129.802, -22.6689
73900, 129.863, -36.6033
74243, 131.052, 36.9236
74341, 130.188, -57.5406
74405, 129.766, -70.3725
74688, 131.338, -2.59639
74956, 131.164, -54.7142
75332, 132.63, 33.3119
75747, 130.795, -79.0836
76143, 132.63, -66.8094
76151, 133.568, -5.44611
76644, 134.83, 48.0467
76653, 133.808, -54.9664
76943, 135.189, 41.7939
77084, 134.918, -19.2058
77370, 134.848, -59.0906
78154, 137.598, 67.1294
78366, 137.215, 33.8964
78418, 137.225, 26.6461
78661, 137.46, 11.5608
79066, 137.993, 5.47389
79096, 138.108, 14.99
80081, 139.707, 36.8136
80441, 140.242, 38.1936
80671, 139.332, -68.6881
80719, 140.231, -15.6078
81809, 141.945, -6.06806
81919, 141.915, -35.0019
81937, 142.888, 63.0617
81997, 142.29, -2.75333
82068, 141.67, -64.9186
82428, 142.919, -10.5406
82434, 142.692, -40.4733
82554, 141.063, -80.8025
82685, 144.491, 73.0869
82780, 143.838, 39.955
82785, 143.284, -39.1433
82885, 143.949, 35.8208
83261, 144.13, -24.7147
83808, 145.288, 9.89611
83951, 145.682, 35.0775
85217, 147.63, 4.34972
86146, 149.435, 41.0578
87141, 151.162, 53.8994
87500, 151.434, 15.7475
87822, 152.072, 31.6114
88215, 152.523, -12.8081
88742, 153.367, -33.0286
89169, 154.189, -20.6656
89490, 154.885, -5.11833
89565, 154.993, -9.06861
89569, 154.673, -56.1181
89571, 157.449, 84.2594
89715, 154.777, -64.6856
89995, 155.83, 5.69472
90089, 157.783, 82.5569
90470, 156.883, 41.5908
90589, 156.097, -74.0417
90839, 157.658, 55.9881
91280, 157.967, -28.2475
91480, 158.782, 57.0839
91706, 158.743, -23.1836
91858, 159.068, -10.5847
92139, 159.333, -48.2192
92588, 160.351, -1.73889
93152, 161.466, 30.6908
93742, 162.344, -4.02861
94388, 163.371, -20.1319
94660, 163.761, -42.2497
95216, 164.938, 11.6972
96202, 166.336, -27.2897
97334, 168.144, 35.8064
97495, 168.144, -49.0939
97855, 169.006, 52.7714
98088, 169.242, -7.12917
98096, 169.143, -45.8792
98221, 169.407, -34.7297
98230, 169.572, 31.5536
98231, 169.572, 31.5536
98353, 169.789, 38.1867
98560, 169.867, -64.5806
99028, 170.974, 10.5344
99211, 171.227, -17.6828
99285, 171.408, 16.4669
99491, 171.711, 3
99787, 172.273, 39.3492
100180, 172.95, 14.3647
100286, 173.065, -29.2686
100287, 173.065, -29.2686
100518, 173.545, 11.0308
100563, 173.61, 3.06389
101501, 175.242, 34.2122
101615, 175.333, -43.0878
101688, 175.551, 22.2119
102510, 176.986, 8.24417
102634, 177.256, 0.3225
102660, 177.315, 16.2442
102713, 177.428, 34.9275
102845, 177.598, -15.8561
102870, 177.657, 1.77722
103287, 178.46, 53.6936
104671, 180.783, -63.3069
104731, 180.908, -42.4236
104904, 181.135, 85.5767
105678, 182.44, 74.6603
105841, 182.768, -61.2733
106112, 183.045, 77.6103
106516, 183.786, -10.2728
107192, 183.857, 87.6944
107398, 185.183, 27.0617
107705, 185.651, 5.31194
108799, 187.521, -13.3861
108954, 187.713, 53.0642
109358, 188.463, 41.3483
109573, 188.997, -39.8678
110379, 190.433, -1.44861
110380, 190.433, -1.44861
111164, 191.807, 11.9536
111199, 191.892, -6.29611
111395, 192.203, 24.8544
111456, 192.157, 60.3214
111998, 193.313, -3.54333
112014, 192.292, 83.4225
112412, 194.027, 38.325
112413, 194.027, 38.325
112935, 195.147, -33.5058
113022, 195.159, 18.3778
113139, 195.192, 56.3781
113337, 195.462, 63.6122
113848, 196.571, 21.1647
114371, 197.973, -69.9489
114378, 197.504, 17.5339
114379, 197.504, 17.5339
114613, 198.033, -37.7983
114630, 198.215, -59.8147
114710, 197.992, 27.8519
115149, 199.18, -65.1286
115383, 199.2, 9.40556
116160, 200.448, 2.09278
116235, 200.563, 5.15972
116568, 201.122, -5.17167
116656, 200.976, 54.9283
116657, 200.976, 54.9117
116842, 201.296, 54.9794
117025, 202.306, -64.685
117200, 201.771, 64.7314
117201, 201.772, 64.6981
117661, 203.027, -18.7317
118098, 203.682, 0.595833
118216, 203.688, 37.1881
118261, 204.313, -61.6942
118646, 204.683, -29.5589
118889, 204.911, 10.7425
119055, 205.17, 19.9603
119124, 205.072, 50.5269
119288, 205.57, 8.395
119756, 206.437, -33.0517
120136, 206.827, 17.4506
120602, 207.605, 5.48722
120690, 207.87, -24.3956
120759, 208.012, -31.6283
120874, 207.636, 58.5381
120987, 208.39, -35.6767
121325, 208.742, -8.04139
121336, 209.067, -54.1239
121370, 208.667, 18.4086
122064, 209.379, 61.4964
122066, 210.007, -25.0022
122510, 210.751, -31.6822
124115, 212.898, 1.3625
124580, 213.908, -44.9997
124425, 213.409, 0.835
125040, 214.142, 20.1194
125111, 214.098, 39.7528
125161, 214.042, 51.3694
125283, 214.839, -36.9947
125451, 214.807, 13.0061
126128, 215.857, 8.44528
126129, 215.857, 8.44528
126141, 215.777, 25.345
126354, 216.558, -45.3853
126504, 216.819, -46.1339
126660, 216.312, 51.8656
126722, 216.84, -6.11611
126868, 217.042, -2.23167
126943, 216.866, 41.0183
126983, 217.593, -49.5128
127486, 218.386, -55.0086
127726, 218.084, 26.6917
127739, 218.14, 22.2586
127821, 217.705, 63.1911
128093, 218.535, 32.5447
128167, 218.658, 29.7453
128429, 219.28, -12.3186
128620, 220.106, -60.8486
128917, 220.482, -58.6294
129002, 219.708, 44.4022
129798, 220.495, 61.2581
130109, 221.568, 1.89611
130603, 222.112, 24.3667
130819, 222.686, -15.9972
130945, 222.341, 46.1189
130948, 222.564, 23.9197
131156, 222.85, 19.1047
131511, 223.373, 19.1581
131923, 224.543, -48.8528
131977, 224.33, -21.3697
132254, 224.075, 49.6472
133002, 222.562, 82.5122
133408, 226.042, 5.47583
133484, 225.787, 44.6419
133640, 225.967, 47.66
134044, 226.657, 36.4478
134083, 226.818, 24.8817
135235, 228.964, -48.0719
136347, 230.387, -38.2278
136351, 230.523, -47.9272
136359, 230.807, -60.6594
136751, 230.186, 44.4403
136933, 231.185, -39.7219
137052, 231.057, -10.305
137107, 230.804, 30.2942
137108, 230.804, 30.2942
137333, 235.785, -84.4694
137392, 231.125, 37.3303
138268, 232.916, -20.1581
138290, 232.738, 8.57472
138488, 233.306, -24.4886
138763, 233.574, -5.68583
139006, 233.68, 26.7161
139389, 234.22, 29.9872
139460, 234.649, -8.79417
139461, 234.649, -8.79417
139493, 233.995, 54.6203
139664, 235.301, -44.6572
139777, 232.338, 80.4486
139798, 234.572, 46.8075
140232, 235.477, 18.4633
140285, 236.113, -41.8172
140538, 236.035, 2.51722
140722, 236.55, -28.0631
140901, 236.889, -37.9108
141004, 236.62, 7.35528
141187, 236.838, 14.1075
141675, 236.904, 55.3769
141851, 237.83, -3.10194
142529, 239.283, -48.1419
142542, 239.072, -31.7761
142860, 239.096, 15.6925
142908, 238.934, 37.9422
143333, 240.097, -16.5169
143474, 240.89, -57.7628
144069, 241.102, -11.375
144070, 241.102, -11.375
144284, 240.486, 58.5569
144362, 241.433, -6.28861
144415, 241.818, -36.7533
144668, 242.151, -39.1006
145976, 243.206, 26.6778
146361, 243.671, 33.8656
146362, 243.671, 33.8656
147365, 244.987, 39.7108
147449, 245.521, 1.03028
147513, 246.016, -39.2006
147553, 245.985, -33.2006
147584, 247.075, -70.0956
147787, 246.995, -64.0614
147869, 246.043, 6.93528
148048, 244.381, 75.7458
148283, 246.366, 37.3894
148367, 246.955, -8.37417
148515, 247.228, -8.13833
149303, 247.953, 45.6208
149661, 249.076, -2.30472
150012, 249.453, 13.6994
150118, 249.066, 52.9317
150680, 250.333, 31.5917
150768, 251.052, -27.4547
150894, 251.265, -28.5028
151613, 251.324, 56.7861
151676, 252.353, -15.6753
151769, 252.456, -10.7742
152107, 252.306, 45.9942
152303, 250.758, 77.505
152311, 253.353, -20.4164
152598, 253.251, 31.7017
153229, 254.672, -14.8539
153363, 255.03, -24.9844
153580, 255.798, -53.2294
153597, 253.973, 65.1292
153653, 255.118, 6.58472
153897, 255.279, 27.2039
154029, 255.398, 33.5719
154417, 256.324, 0.712222
154905, 256.323, 54.4658
154906, 256.323, 54.4658
155078, 257.456, -10.5108
155379, 258.062, -25.2558
155875, 260.055, -70.0428
155885, 258.853, -26.565
155886, 258.853, -26.565
156274, 259.733, -46.6414
156384, 259.688, -34.9908
156717, 259.98, -17.7539
156729, 259.414, 37.2936
157482, 260.42, 39.9867
157856, 261.471, -1.62222
157919, 261.846, -29.87
157950, 261.655, -5.08722
157968, 261.753, -12.52
159217, 263.938, -46.5011
159222, 263.004, 34.2778
159312, 263.929, -37.4339
159541, 263.036, 55.1803
159560, 263.061, 55.1636
159876, 264.408, -15.3944
160032, 265.077, -49.4072
160269, 263.718, 61.9047
160910, 265.472, 15.9506
160922, 264.23, 68.7447
160933, 264.191, 69.5781
161693, 265.997, 53.7919
161797, 266.613, 27.7456
162003, 265.479, 72.1583
162004, 265.479, 72.1583
162076, 267.097, 20.5667
162132, 266.772, 47.6153
162579, 267.275, 50.7706
162596, 267.992, -1.22583
162917, 268.321, 6.11111
163336, 269.063, -15.7994
163840, 269.333, 24.0053
164259, 270.117, -3.68861
164764, 270.761, -8.1825
164765, 270.761, -8.1825
164780, 268.605, 75.1572
165185, 271.586, -36.0261
165259, 273.157, -73.6681
165341, 271.356, 2.52389
165567, 271.187, 40.0908
165645, 271.256, 41.9417
165777, 271.837, 9.56222
165908, 271.752, 30.5625
166045, 271.958, 26.0975
166046, 271.958, 26.0975
166233, 272.392, 3.98389
166285, 272.451, 3.11778
166865, 270.002, 79.9925
166866, 270.002, 79.9925
167425, 274.915, -63.8806
167833, 274.352, -9.76444
167858, 274.271, 1.00194
168092, 273.688, 56.6003
168151, 273.447, 64.3994
168913, 275.238, 29.8461
169938, 277.035, -26.7561
170073, 275.992, 58.8064
170153, 275.225, 72.7364
170773, 278.243, -39.8953
170829, 277.671, 20.8358
170902, 278.1, -14.645
171746, 278.963, 16.9814
171834, 279.167, 6.68278
172051, 279.718, -21.0464
172103, 279.592, -1.11333
172187, 279.19, 43.2186
172555, 281.377, -64.8686
172569, 279.052, 65.4872
172728, 279.401, 62.5233
173093, 280.972, -6.81722
173282, 281.317, -21.0144
173494, 281.168, 23.5861
173582, 281.078, 39.6697
173583, 281.078, 39.6697
173648, 281.185, 37.6039
173649, 281.185, 37.6039
173667, 281.426, 20.5553
174115, 282.421, -19.1372
175225, 282.888, 52.955
175286, 281.594, 75.4325
175317, 283.866, -16.3733
175813, 284.691, -37.1
175938, 281.404, 79.9519
176051, 284.257, 32.9161
176095, 284.598, 6.25139
176303, 284.776, 13.6367
176668, 284.326, 62.4033
177171, 286.578, -52.3336
177178, 285.89, 1.81333
177196, 285.357, 46.9275
177474, 286.612, -37.0486
177475, 286.612, -37.0486
177552, 286.321, -1.51611
177565, 286.723, -37.7978
177724, 286.349, 13.8681
178089, 284.504, 77.0611
178428, 286.995, 16.8742
178449, 286.842, 32.5069
178476, 286.994, 21.6911
178619, 287.17, 16.8592
178911, 287.264, 34.5944
179094, 287.115, 52.4278
179422, 287.864, 26.7328
179949, 288.87, -24.1769
180777, 287.275, 76.5697
180782, 289.463, 2.04639
181321, 290.375, -34.9803
181655, 289.932, 37.3358
182101, 290.69, 9.90806
182475, 291.251, -4.8875
182572, 291.222, 11.9297
182640, 291.378, 3.11389
182761, 291.365, 20.2814
183007, 292.349, -43.4461
183806, 293.328, -45.2708
184102, 290.43, 79.6014
184663, 293.856, 2.91972
185124, 294.448, -4.64194
185144, 293.054, 69.7019
185395, 294.122, 50.2081
185912, 294.661, 54.9631
186185, 295.872, -15.4633
186882, 296.255, 45.1264
187013, 296.598, 33.7453
187532, 297.701, -10.7636
187642, 297.68, 8.85361
187691, 297.741, 10.4208
187753, 297.823, 9.63806
187949, 298.285, -14.5922
188074, 297.821, 47.4067
188088, 298.576, -23.9233
188376, 298.95, -26.3036
188512, 298.827, 6.41333
188642, 299.415, -38.0503
188728, 299.058, 11.4156
189245, 300.082, -33.6944
189296, 299.092, 56.685
190248, 302.094, -66.1472
190406, 301.06, 17.0825
190422, 301.892, -55.0139
190771, 301.277, 38.4853
191026, 301.612, 35.9881
191096, 301.344, 56.3372
191104, 301.978, 9.39
191195, 301.549, 53.1386
191329, 301.788, 50.2403
192455, 302.877, 62.0839
192983, 303.927, 50.2244
192985, 304.01, 45.5747
193592, 304.593, 55.3969
194012, 305.714, 14.5372
194943, 307.226, -17.8186
195050, 306.902, 38.4475
195068, 306.761, 49.3803
196524, 309.394, 14.5989
196755, 309.78, 10.085
197120, 310.162, 29.8053
197373, 310.08, 60.5067
197649, 311.566, -36.1197
197692, 311.532, -25.2694
197963, 311.661, 16.1325
197964, 311.661, 16.1325
198001, 311.927, -9.49944
198149, 311.329, 61.8158
198571, 312.848, -5.62611
199260, 314.207, -26.3003
199603, 314.686, -14.48
199629, 314.282, 41.1689
199766, 314.777, 4.30444
199960, 315.14, -4.72639
200163, 315.748, -38.6233
200375, 315.772, 1.52806
200499, 316.099, -19.8536
200525, 317.276, -73.1661
200740, 315.863, 50.3469
200790, 316.367, 5.96556
201091, 316.574, 38.6511
201352, 317.4, -20.5447
201636, 316.603, 71.4375
201647, 318.053, -40.2578
201671, 317.626, 22.4578
202444, 318.693, 38.0317
202582, 318.438, 64.3983
202730, 319.952, -53.4458
203006, 320.196, -40.8106
203280, 319.638, 62.5892
203454, 320.278, 40.3419
204121, 321.625, 1.09944
204153, 321.31, 46.7153
204188, 321.609, 19.3997
204485, 322.014, 32.2189
204577, 322.502, -19.1622
205289, 323.705, -20.0719
205765, 324.385, 0.384167
205835, 324.228, 40.4156
206043, 324.737, 20.2514
206301, 325.388, -14.0289
206774, 325.858, 38.2914
206826, 326.009, 28.7586
206827, 326.009, 28.7586
206860, 326.149, 14.7758
206901, 326.156, 25.6428
207098, 326.747, -16.1214
207129, 327.044, -47.2869
207223, 326.761, 17.1958
208177, 328.649, -3.29444
208496, 329.617, -59.0072
208703, 329.56, -5.42306
209100, 330.637, -56.7186
209369, 329.814, 73.1803
209790, 330.936, 64.6183
209942, 329.608, 82.8658
210027, 331.755, 25.3378
210049, 332.081, -32.9947
210460, 332.564, 19.6247
210464, 332.759, -21.2414
210705, 333.122, -14.2064
210715, 332.766, 50.8261
210762, 333.038, 24.9603
210855, 332.941, 56.8439
210884, 332.677, 70.1267
211415, 334.543, -53.6172
211575, 334.533, 0.25
212061, 335.413, -1.37972
212071, 335.139, 50.9697
212404, 336.027, -4.82722
212697, 336.625, -16.7414
212698, 336.625, -16.7414
212728, 337.154, -67.4736
213051, 337.207, 0.0225
213052, 337.207, 0.0225
213235, 337.49, 4.44528
213398, 337.894, -32.3533
213403, 336.69, 78.7944
213428, 337.818, -2.90333
213429, 337.832, -6.55333
213845, 338.661, -20.7003
214019, 338.303, 70.3661
214085, 339.133, -40.5822
214298, 339.262, 12.5853
214810, 340.194, -3.545
214850, 340.206, 14.5386
215121, 341.067, -60.4925
216172, 342.245, 68.5622
216803, 344.08, -31.5664
216900, 344.199, 11.8508
217792, 345.88, -34.745
218227, 346.71, -43.5264
218235, 346.561, 18.5236
218261, 346.608, 19.9069
218396, 346.88, 21.1575
218470, 346.93, 49.2911
218630, 347.5, -42.8578
218804, 347.613, 43.5425
219134, 348.224, 57.1606
219291, 348.615, 29.7614
219482, 349.217, -62.0042
219487, 348.98, 24.7953
219693, 349.55, -40.8203
219832, 349.749, -9.60306
219834, 349.757, -13.4531
219877, 349.841, -5.11972
220003, 350.204, -50.3025
220096, 350.307, -26.9856
220105, 350.184, 44.1311
220117, 350.228, 38.1811
220242, 350.508, 26.6314
220729, 351.647, -52.7333
221970, 354.115, 32.9033
222143, 354.469, 46.2036
222345, 354.945, -14.2292
222368, 354.976, 5.6375
222451, 355.142, 36.7042
223352, 357.224, -28.1275
223421, 357.303, 58.9725
223552, 357.594, 51.6228
223778, 358.062, 75.5394
223781, 358.151, 10.9397
224361, 359.331, -62.96
224617, 359.83, 6.87333
224758, 0.103333, 26.9233
224930, 0.48, 27.1236
225003, 0.630833, 8.49028
225045, 0.730417, -20.0597
225233, 1.13958, -72.9097
225239, 1.18458, 34.6733
