   123
   166
   203
   661
   905
  1061
  1185
  1343
  1835
  2151
  2421
  2475
  2726
  3158
  3196
  3229
  3302
  3794
  4089
  4150
  4222
  4295
  4391
  4614
  4628
  4676
  4813
  5015
  5156
  5190
  6210
  6288
  6301
  6314
  6479
  6480
  6668
  6680
  6695
  6706
  6920
  7238
  7259
  7344
  7345
  7439
  7570
  7788
  7804
  8272
  8375
  8424
  8556
  8589
  8673
  8723
  8774
  8799
  8803
  9021
  9030
  9132
  9544
  9826
  9906
  9919
 10453
 10481
 10543
 10697
 10700
 10780
 10800
 10830
 10874
 11031
 11151
 11257
 11262
 11443
 11973
 12111
 12230
 12235
 12311
 12363
 13445
 13456
 13594
 13612
 13871
 13872
 13974
 14691
 14802
 15089
 15144
 15524
 15798
 15814
 16160
 16170
 16176
 16232
 16417
 16589
 16620
 16673
 16739
 16754
 16765
 16895
 16920
 16955
 16970
 17051
 17094
 17138
 17168
 17206
 17240
 17390
 17438
 17864
 17904
 17925
 17948
 18149
 18256
 18404
 18466
 18692
 18894
 18928
 19373
 19545
 20010
 20149
 20193
 20210
 20277
 20395
 20630
 20631
 20675
 20766
 20794
 20995
 21379
 21423
 21903
 22001
 22049
 22211
 22468
 22701
 22905
 23249
 23793
 24071
 24164
 24357
 24546
 24554
 24740
 24760
 25102
 25202
 25346
 25457
 25570
 25621
 25680
 25867
 25998
 26015
 26101
 26322
 26690
 26764
 26911
 26913
 26923
 26961
 26965
 27084
 27176
 27309
 27322
 27397
 27429
 27442
 27483
 27536
 27628
 27710
 27749
 27786
 27819
 27901
 27962
 27991
 28052
 28246
 28255
 28271
 28294
 28485
 28556
 28677
 28736
 28763
 29140
 29169
 29316
 29329
 29364
 29375
 29388
 29391
 29646
 29867
 29875
 29992
 30121
 30495
 30652
 30985
 31203
 31204
 31278
 31362
 31623
 31647
 31662
 31675
 31746
 31761
 32008
 32147
 32537
 32608
 32715
 32743
 32964
 33054
 33167
 33204
 33256
 33262
 33564
 33608
 33875
 33959
 34180
 34499
 34721
 35296
 35317
 35386
 35850
 36570
 36777
 37394
 37430
 37495
 37501
 37594
 38089
 38385
 38392
 38529
 38858
 39587
 39937
 40292
 40745
 40932
 41547
 41700
 41824
 42111
 42278
 42301
 42303
 42443
 42807
 42818
 43017
 43042
 43162
 43358
 43378
 43386
 43683
 43821
 43834
 43940
 44092
 44333
 44769
 44770
 45229
 45380
 45638
 45680
 45947
 46273
 46304
 46588
 47105
 47144
 47415
 48097
 48189
 48501
 48543
 48682
 48767
 48766
 48915
 49095
 49434
 49933
 50018
 50223
 50241
 50277
 50282
 50635
 51733
 51825
 52362
 52619
 53253
 53952
 54118
 54958
 55568
 55864
 55892
 56963
 56986
 57167
 57852
 57853
 58461
 58728
 58805
 58946
 59466
 59967
 60178
 60179
 60584
 60585
 60951
 61421
 61859
 62613
 62952
 63332
 63336
 64185
 64235
 64379
 64685
 65626
 65810
 66011
 67006
 67767
 68257
 68256
 68255
 68456
 68457
 69548
 69830
 69863
 70267
 70302
 70958
 71153
 71196
 71663
 71973
 72291
 72688
 72905
 72945
 72946
 73029
 73262
 73752
 73900
 74243
 74341
 74405
 74688
 74956
 75332
 75747
 76143
 76151
 76644
 76653
 76943
 77084
 77370
 78154
 78366
 78418
 78661
 79066
 79096
 80081
 80441
 80671
 80719
 81809
 81919
 81937
 81997
 82068
 82428
 82434
 82554
 82685
 82780
 82785
 82885
 83261
 83808
 83951
 85217
 86146
 87141
 87500
 87822
 88215
 88742
 89169
 89490
 89565
 89569
 89571
 89715
 89995
 90089
 90470
 90589
 90839
 91280
 91480
 91706
 91858
 92139
 92588
 93152
 93742
 94388
 94660
 95216
 96202
 97334
 97495
 97855
 98088
 98096
 98221
 98230
 98231
 98353
 98560
 99028
 99211
 99285
 99491
 99787
100180
100286
100287
100518
100563
101501
101615
101688
102510
102634
102660
102713
102845
102870
103287
104671
104731
104904
105678
105841
106112
106516
107192
107398
107705
108799
108954
109358
109573
110379
110380
111164
111199
111395
111456
111998
112014
112412
112413
112935
113022
113139
113337
113848
114371
114378
114379
114613
114630
114710
115149
115383
116160
116235
116568
116656
116657
116842
117025
117200
117201
117661
118098
118216
118261
118646
118889
119055
119124
119288
119756
120136
120602
120690
120759
120874
120987
121325
121336
121370
122064
122066
122510
124115
124580
124425
125040
125111
125161
125283
125451
126128
126129
126141
126354
126504
126660
126722
126868
126943
126983
127486
127726
127739
127821
128093
128167
128429
128620
128917
129002
129798
130109
130603
130819
130945
130948
131156
131511
131923
131977
132254
133002
133408
133484
133640
134044
134083
135235
136347
136351
136359
136751
136933
137052
137107
137108
137333
137392
138268
138290
138488
138763
139006
139389
139460
139461
139493
139664
139777
139798
140232
140285
140538
140722
140901
141004
141187
141675
141851
142529
142542
142860
142908
143333
143474
144069
144070
144284
144362
144415
144668
145976
146361
146362
147365
147449
147513
147553
147584
147787
147869
148048
148283
148367
148515
149303
149661
150012
150118
150680
150768
150894
151613
151676
151769
152107
152303
152311
152598
153229
153363
153580
153597
153653
153897
154029
154417
154905
154906
155078
155379
155875
155885
155886
156274
156384
156717
156729
157482
157856
157919
157950
157968
159217
159222
159312
159541
159560
159876
160032
160269
160910
160922
160933
161693
161797
162003
162004
162076
162132
162579
162596
162917
163336
163840
164259
164764
164765
164780
165185
165259
165341
165567
165645
165777
165908
166045
166046
166233
166285
166865
166866
167425
167833
167858
168092
168151
168913
169938
170073
170153
170773
170829
170902
171746
171834
172051
172103
172187
172555
172569
172728
173093
173282
173494
173582
173583
173648
173649
173667
174115
175225
175286
175317
175813
175938
176051
176095
176303
176668
177171
177178
177196
177474
177475
177552
177565
177724
178089
178428
178449
178476
178619
178911
179094
179422
179949
180777
180782
181321
181655
182101
182475
182572
182640
182761
183007
183806
184102
184663
185124
185144
185395
185912
186185
186882
187013
187532
187642
187691
187753
187949
188074
188088
188376
188512
188642
188728
189245
189296
190248
190406
190422
190771
191026
191096
191104
191195
191329
192455
192983
192985
193592
194012
194943
195050
195068
196524
196755
197120
197373
197649
197692
197963
197964
198001
198149
198571
199260
199603
199629
199766
199960
200163
200375
200499
200525
200740
200790
201091
201352
201636
201647
201671
202444
202582
202730
203006
203280
203454
204121
204153
204188
204485
204577
205289
205765
205835
206043
206301
206774
206826
206827
206860
206901
207098
207129
207223
208177
208496
208703
209100
209369
209790
209942
210027
210049
210460
210464
210705
210715
210762
210855
210884
211415
211575
212061
212071
212404
212697
212698
212728
213051
213052
213235
213398
213403
213428
213429
213845
214019
214085
214298
214810
214850
215121
216172
216803
216900
217792
218227
218235
218261
218396
218470
218630
218804
219134
219291
219482
219487
219693
219832
219834
219877
220003
220096
220105
220117
220242
220729
221970
222143
222345
222368
222451
223352
223421
223552
223778
223781
224361
224617
224758
224930
225003
225045
225233
225239

