   123  5.96  0.67  20.3 VB      104.4
   166  6.13  0.75  13.7 S       111.0
   203  6.18  0.38  39.1 S        80.6
   661  6.64  0.37  66.4 VB       74.1
   905  5.72  0.31  35.0 S        54.7
  1061  5.79  0.31  80.2 SB      216.0
  1185  6.15  0.05  93.0 VB      210.0
  1343  6.45  0.37  48.9 S        74.6
  1835  6.39  0.66  20.4 S        97.3
  2151  2.80  0.62   7.5 S         6.4
  2421  5.17  0.03  81.2 SB      281.7
  2475  6.43  0.59  32.2 VB      136.9
  2726  5.69  0.35  45.1 S      4900.2
  3158  5.57  0.47  25.6 S        39.6
  3196  5.20  0.56  21.0 SBVB   428.9
  3229  5.93  0.44  55.6 S       336.6
  3302  5.51  0.44  36.2 S       251.5
  3794  6.49  0.92 154.3 S      5597.4
  4089  5.39  0.50  40.7 SB      211.5
  4150  4.36  0.00  73.7 VB      270.0
  4222  5.42  0.04 107.8 S       303.1
  4295  6.33  0.00  40.6 S        35.0
  4391  5.80  0.64  14.9 VB       55.8
  4614  3.44  0.57   6.0 SBVB     2.6
  4628  5.75  0.88   7.5 S         3.9
  4676  5.07  0.51  23.9 SB        7.4
  4813  5.19  0.50  15.5 S         9.5
  5015  4.82  0.53  18.6 SB        8.2
  5156  6.46  0.44  74.5 VB      232.8
  5190  6.22  0.56  61.2 VB      125.2
  6210  5.84  0.54  80.2 S       408.0
  6288  6.04  0.27  56.6 VB      120.5
  6301  6.19  0.43  42.0 S       137.9
  6314  6.72  0.31  84.4 S       307.4
  6479  6.35  0.38  45.7 VB       72.6
  6480  7.25  0.49  44.1 VB       67.4
  6668  6.37  0.23  71.6 S       147.2
  6680  6.25  0.40  41.9 S       120.6
  6695  5.55  0.13  49.4 S       143.9
  6706  5.82  0.43  47.7 S       121.2
  6920  5.65  0.60  52.7 S       302.3
  7238  6.26  0.42  72.3 S       507.1
  7259  6.52  0.48  71.2 S       242.1
  7344  5.24  0.32  45.3 SBVB   158.2
  7345  6.30  0.49  45.3 SBVB   158.2
  7439  5.13  0.46  24.4 VB       74.0
  7570  4.96  0.58  15.1 S        14.3
  7788  4.86  0.47  20.4 VB      161.3
  7804  5.16  0.07  67.4 SB       78.3
  8272  6.45  0.00  57.7 VB      214.2
  8375  6.29  0.83  58.9 S       276.9
  8424  6.49  0.00 157.7 S       292.1
  8556  5.91  0.41  44.8 SBVB    48.8
  8589  6.14  0.91 102.5 S       435.3
  8673  6.31  0.47  38.3 S        56.1
  8723  5.38  0.39  26.1 S       117.6
  8774  6.27  0.46  42.6 S       103.1
  8799  4.83  0.42  28.3 S       163.5
  8803  6.58 -0.04 160.0 VB     1071.6
  9021  5.81  0.47  29.2 SB       56.6
  9030  6.14  0.08  86.7 SB      157.4
  9132  5.12  0.02  67.9 VB      353.3
  9544  6.28  0.46  80.6 S       369.1
  9826  4.09  0.54  13.5 SB       13.5
  9906  5.69  0.33  62.0 VB      121.2
  9919  5.57  0.35  33.8 S        31.0
 10453  5.75  0.44  37.3 VB       38.5
 10481  6.17  0.42  41.9 S       136.8
 10543  6.21  0.10  79.2 VB     1685.7
 10697  6.27  0.75  32.6 S        34.9
 10700  3.50  0.72   3.6 S         1.1
 10780  5.63  0.81  10.0 S        22.0
 10800  5.87  0.61  27.1 S       180.3
 10830  5.31  0.39  27.4 VB      155.0
 10874  6.32  0.43  58.3 S        79.0
 11031  5.82  0.29 101.6 SBVB   275.9
 11151  5.90  0.43  44.6 S        44.7
 11257  5.94  0.30  42.6 VB       48.8
 11262  6.37  0.52  27.1 VB       14.8
 11443  3.41  0.49  19.7 SB      376.3
 11973  4.79  0.28  40.8 SBVB    74.2
 12111  4.54  0.16  35.8 SBVB   451.1
 12230  5.38  0.31  33.6 S      2360.7
 12235  5.88  0.62  31.1 S        28.8
 12311  2.86  0.28  21.9 S        42.9
 12363  6.16  0.44  41.3 S       142.0
 13445  6.12  0.82  10.9 S         4.1
 13456  6.01  0.39  50.0 S        68.4
 13594  6.06  0.40  41.5 VB      227.4
 13612  5.54  0.57  46.1 VB       45.9
 13871  5.79  0.44  40.1 S        78.1
 13872  5.58  0.49  48.1 VB      155.7
 13974  4.87  0.61  10.8 SB       37.5
 14691  5.46  0.35  29.9 S        21.2
 14802  5.20  0.60  21.9 S       397.1
 15089  4.52  0.12  43.4 VB      372.1
 15144  5.83  0.15  65.6 SBVB   422.6
 15524  5.92  0.41  51.0 S       491.9
 15798  4.75  0.45  25.8 S        27.0
 15814  6.04  0.54  28.7 SB      188.6
 16160  5.82  0.98   7.2 SBVB     1.8
 16170  6.24  0.52  53.4 S        75.6
 16176  5.90  0.48  54.3 S        79.2
 16232  7.09  0.50  39.4 VB      721.0
 16417  5.79  0.66  25.5 S        29.5
 16589  6.49  0.52  53.4 SB      221.6
 16620  4.84  0.45  27.0 SBVB    27.5
 16673  5.78  0.52  21.5 S        35.2
 16739  4.91  0.59  24.7 SBVB    13.0
 16754  4.75  0.06  39.8 VB      667.8
 16765  5.71  0.52  21.6 VB      200.5
 16895  4.12  0.49  11.2 VB       10.7
 16920  5.21  0.40  48.8 SB      312.5
 16955  6.35  0.08 107.9 VB      262.5
 16970  3.47  0.09  25.1 VB      219.9
 17051  5.41  0.56  17.2 S        68.3
 17094  4.27  0.31  25.8 SBVB    39.7
 17138  6.18  0.18  62.5 SB     2771.5
 17168  6.22  0.04 107.1 SB      554.6
 17206  4.47  0.48  14.0 SB      151.3
 17240  6.30  0.00  47.1 VB       74.2
 17390  6.49  0.38  45.1 S       125.9
 17438  6.47  0.39  38.2 S       354.2
 17864  6.36  0.05  99.8 S      1283.4
 17904  5.33  0.41  72.1 SBVB   236.2
 17925  6.04  0.87  10.4 S       119.6
 17948  5.59  0.45  26.5 S        32.3
 18149  5.92  0.44  59.4 S       416.6
 18256  5.63  0.43  35.4 SB       49.5
 18404  5.80  0.41  31.8 S        65.0
 18466  6.29  0.47 144.5 SB     3210.3
 18692  5.71  0.40  32.3 S       117.0
 18894  6.19  0.60  32.5 SB      123.0
 18928  6.36  0.00  50.0 S        23.5
 19373  4.05  0.59  10.5 S         3.9
 19545  6.19  0.16  57.6 S       137.9
 20010  3.87  0.52  14.1 VB      524.6
 20149  5.52  0.01 133.0 SB      954.9
 20193  6.31  0.37  62.0 VB      110.1
 20210  6.25  0.28  66.8 SBVB   215.8
 20277  6.06  0.99 168.9 S     19121.5
 20395  6.14  0.40  34.7 S        48.7
 20630  4.83  0.68   9.2 S        77.2
 20631  5.71  0.37  36.6 SBVB    94.3
 20675  5.93  0.43  45.7 S        80.0
 20766  5.54  0.64  12.1 S         5.8
 20794  4.27  0.71   6.1 S         0.5
 20995  5.61 -0.03 161.6 VB      811.7
 21379  6.28 -0.02 104.4 SB      299.9
 21423  6.39  0.08  99.9 S      2452.1
 21903  6.46  0.39  56.0 VB      163.3
 22001  4.72  0.40  21.4 VB       22.0
 22049  3.73  0.88   3.2 VB       20.9
 22211  6.49  0.63 134.6 S      2589.1
 22468  5.71  0.92  29.0 SBVB 15121.0
 22701  5.86  0.37  40.9 S       206.3
 22905  6.33  0.88 197.6 S      1257.8
 23249  3.54  0.92   9.0 S         0.9
 23793  5.07 -0.13 173.3 VB     1809.8
 24071  5.40  0.01  49.4 VB      134.7
 24164  6.34  0.30  60.1 S       141.0
 24357  5.97  0.34  41.4 S        80.5
 24546  5.28  0.41  40.8 SB       69.1
 24554  6.14  0.09 105.7 VB     2448.8
 24740  5.63  0.30  44.8 S        75.1
 24760  2.89 -0.18 165.0 SBVB  1741.3
 25102  6.37  0.42  39.3 S       138.5
 25202  5.89  0.32  45.5 SB       76.8
 25346  6.05  0.44  61.7 S       377.8
 25457  5.38  0.50  19.2 S       549.6
 25570  5.46  0.37  36.0 S       170.7
 25621  5.36  0.50  34.6 S       332.7
 25680  5.90  0.62  16.7 S        98.3
 25867  5.23  0.34  27.6 S        27.5
 25998  5.51  0.46  21.3 S       347.7
 26015  6.01  0.40  47.0 SBVB    65.1
 26101  6.32  1.18 118.6 S       348.3
 26322  5.41  0.34  59.8 S       204.9
 26690  5.29  0.36  37.0 SBVB    86.0
 26764  5.19  0.05 108.2 SB      498.5
 26911  6.32  0.40  44.4 S        58.6
 26913  6.93  0.70  20.9 S       158.2
 26923  6.31  0.59  21.2 S       162.7
 26961  4.61  0.04  97.6 SB     4978.2
 26965  4.43  0.82   5.0 VB        4.1
 27084  5.45  0.22  79.4 S      1872.0
 27176  5.65  0.28  54.8 SBVB   230.0
 27309  5.38 -0.14  96.9 S      1288.9
 27322  5.88  0.00  95.0 S       332.7
 27397  5.59  0.28  44.8 SBVB   166.8
 27429  6.12  0.37  47.3 SB      140.6
 27442  4.44  1.08  18.2 VB        6.9
 27483  6.17  0.46  45.9 SB      186.1
 27536  6.27  0.91  63.2 S      1191.9
 27628  5.72  0.32  45.7 SB       32.6
 27710  6.01  0.35  54.3 VB      344.7
 27749  5.64  0.30  47.2 SB       38.6
 27786  5.76  0.40  41.7 VB      229.5
 27819  4.80  0.15  44.7 SB      101.1
 27901  5.98  0.37  49.0 SB      127.4
 27962  4.29  0.05  45.4 SBVB    51.7
 27991  6.46  0.49  46.6 SBVB   362.8
 28052  4.49  0.25  47.9 SBVB  2045.7
 28246  6.39  0.44  37.0 S       149.4
 28255  6.29  0.66  27.1 VB       16.4
 28271  6.40  0.52  54.3 SBVB  1128.4
 28294  5.90  0.32  54.3 S        37.0
 28485  5.58  0.32  43.6 SBVB    79.8
 28556  5.40  0.26  45.8 S       125.1
 28677  6.02  0.34  44.9 SB       46.4
 28736  6.39  0.42  43.2 S       104.2
 28763  6.21  0.12 122.5 VB      532.2
 29140  4.25  0.18  46.1 SB      632.5
 29169  6.02  0.38  44.2 S        37.4
 29316  5.35  0.32  85.0 VB      524.6
 29329  6.49  0.51  32.2 S       748.4
 29364  6.47  0.00  70.0 SBVB   265.4
 29375  5.79  0.31  45.5 S        25.9
 29388  4.27  0.12  45.9 SB       46.0
 29391  5.23  0.28  29.8 S      1323.2
 29646  5.78 -0.03 102.7 VB      975.0
 29867  6.45  0.00  72.0 S       144.8
 29875  4.45  0.34  20.1 VB      167.0
 29992  5.05  0.37  27.7 S        67.5
 30121  5.30  0.25  49.7 S        40.6
 30495  5.51  0.63  13.3 S        68.2
 30652  3.19  0.45   8.0 SB      106.9
 30985  6.07  0.37  52.3 VB      129.6
 31203  5.61  0.33  37.1 VB      131.3
 31204  6.42  0.00  32.1 VB       98.3
 31278  4.47 -0.02 115.2 SBVB  2088.7
 31362  6.37  0.33  43.2 S       138.2
 31623  6.23  0.42  84.0 S        81.3
 31647  4.94  0.04  48.8 VB     1656.2
 31662  6.03  0.41  36.9 VB      104.7
 31675  6.19  0.48  27.9 S       194.6
 31746  6.12  0.44  30.9 S       125.2
 31761  5.95  0.41  53.0 VB       63.7
 32008  5.38  0.80  54.7 S      1225.9
 32147  6.22  1.06   8.8 SB        1.5
 32537  5.00  0.33  26.2 SB       16.3
 32608  6.52  0.16  82.4 S       170.2
 32715  6.41  0.40  39.6 S        84.7
 32743  5.38  0.42  26.2 VB      104.9
 32964  5.12 -0.06  85.8 SBVB   725.3
 33054  5.34  0.33  59.4 VB       73.5
 33167  5.68  0.42  46.2 S       264.5
 33204  6.01  0.27  54.7 VB      109.8
 33256  5.12  0.44  25.0 S        21.7
 33262  4.72  0.52  11.7 S        52.0
 33564  5.05  0.47  21.0 VB       14.1
 33608  5.90  0.46  38.4 S       140.9
 33875  6.27 -0.01 129.9 S       358.0
 33959  5.02  0.23  82.4 SBVB 13211.6
 34180  6.15  0.39  45.9 S       109.0
 34499  6.49  0.24  72.2 VB      109.8
 34721  5.96  0.58  24.9 SBVB    17.0
 35296  4.99  0.53  14.7 SB      275.5
 35317  6.11  0.50  58.0 SBVB   149.4
 35386  6.49  0.50  52.4 S       247.7
 35850  6.35  0.51  26.8 S      2256.0
 36570  6.15  0.01 114.0 VB      667.1
 36777  5.36  0.05 105.8 VB      364.1
 37394  6.23  0.84  12.2 S        35.7
 37430  6.16  0.34  44.6 S       197.2
 37495  5.31  0.46  42.5 S       203.6
 37501  6.32  0.85 106.7 S       662.1
 37594  6.00  0.27  41.4 S        19.2
 38089  6.02  0.40  50.2 SBVB    74.7
 38385  6.25  0.37  53.4 S        17.4
 38392  6.15  0.94   9.0 S        18.5
 38529  5.95  0.78  42.4 S       104.8
 38858  5.97  0.64  15.6 S         2.8
 39587  4.41  0.59   8.7 SBVB   120.0
 39937  5.94  0.66 127.2 S     11546.0
 40292  5.29  0.31  34.9 S         4.3
 40745  6.22  0.36  59.9 S        39.7
 40932  4.12  0.16  46.5 SBVB   180.3
 41547  5.87  0.37  59.0 SB       76.6
 41700  6.35  0.52  26.7 S       427.6
 41824  6.58  0.72  29.7 VB     1809.6
 42111  5.73  0.07 186.9 VB     3350.9
 42278  6.17  0.34  61.0 S        89.2
 42301  5.50 -0.01  78.3 S       185.8
 42303  5.50  0.00  80.1 VB      184.3
 42443  5.71  0.44  54.1 VB      184.9
 42807  6.45  0.67  18.1 S        48.5
 42818  4.80  0.03  53.9 SB      120.4
 43017  6.92  0.45  48.3 VB       28.5
 43042  5.20  0.44  21.1 VB       55.3
 43162  6.39  0.72  16.7 S       136.3
 43358  6.37  0.46  92.9 SBVB   163.4
 43378  4.48  0.01  45.7 S        35.1
 43386  5.04  0.42  19.6 S       114.8
 43683  6.16  0.01 195.3 VB     1292.0
 43821  6.24  0.87 106.2 SB      599.3
 43834  5.09  0.72  10.1 S         2.9
 43940  5.87  0.14  62.1 S      1858.1
 44092  6.43  0.06 103.7 S       218.1
 44333  6.31  0.24 102.5 VB      411.2
 44769  4.44  0.18  39.4 SBVB    85.7
 44770  6.72  0.45  24.3 VB       32.7
 45229  5.61  0.24  50.3 S        42.9
 45380  6.27 -0.04 125.5 VB     2640.5
 45638  6.59  0.00  60.8 S       402.3
 45680  6.48  0.39  49.8 VB      336.7
 45947  6.24  0.38  35.6 S        66.9
 46273  5.27  0.41  51.7 SBVB   119.7
 46304  5.60  0.25  43.2 VB      196.3
 46588  5.45  0.50  17.9 SB        8.7
 47105  1.93  0.00  32.1 SB      220.5
 47144  5.59 -0.14 177.9 VB     2209.4
 47415  6.38  0.53  35.2 SB      169.7
 48097  5.21  0.06  42.7 SB      125.0
 48189  6.18  0.62  21.7 VB      981.5
 48501  6.13  0.34  48.9 VB       79.7
 48543  6.29  0.34  91.3 VB      259.1
 48682  5.25  0.56  16.5 VB       11.4
 48767  6.33  0.00  47.0 SBVB   217.0
 48766  6.28  0.47  47.0 VB      217.0
 48915 -1.46  0.00   2.6 SBVB    32.4
 49095  5.92  0.48  24.3 S         5.0
 49434  5.75  0.28  40.1 S        50.7
 49933  5.77  0.39  29.9 VB      317.0
 50018  6.12  0.37 162.6 VB     1397.4
 50223  5.14  0.45  25.2 S         4.4
 50241  3.27  0.21  30.3 S        65.2
 50277  5.77  0.26  62.6 S       205.3
 50282  6.30  0.99 146.2 S      2591.7
 50635  4.65  0.30  27.9 SBVB   175.8
 51733  5.46  0.36  38.6 VB      109.6
 51825  6.23  0.46  43.2 VB      754.6
 52362  6.22  0.00 130.2 SB      191.3
 52619  6.27  0.45  68.2 S        97.1
 53253  6.43 -0.04 125.2 S       329.1
 53952  6.14  0.37  55.7 VB       34.4
 54118  5.17 -0.04  86.6 S       186.7
 54958  6.23  0.40  49.8 VB      116.1
 55568  6.10  0.27  47.6 S        74.6
 55864  5.69  0.40  45.1 SBVB   131.7
 55892  4.49  0.32  21.2 S        29.8
 56963  5.77  0.32  34.5 S        24.8
 56986  3.53  0.34  18.0 SBVB    22.5
 57167  5.70  0.35  44.0 SB      849.3
 57852  6.05  0.42  34.8 VB      387.5
 57853  6.60  0.59  34.8 VB      387.5
 58461  5.78  0.42  34.8 S        63.3
 58728  5.22  0.39  34.0 SB      434.0
 58805  6.47  0.42  39.1 S        36.8
 58946  4.18  0.32  18.5 SB       96.2
 59466  6.58  0.06 106.0 S       267.7
 59967  6.65  0.63  21.8 S       116.3
 60178  2.88  0.04  15.8 SBVB   830.4
 60179  1.98  0.03  15.8 SBVB   830.4
 60584  5.83  0.44  29.1 SBVB   256.6
 60585  5.87  0.00  29.1 VB      256.6
 60951  6.34  0.99 211.9 SB     1359.5
 61421  0.38  0.42   3.5 SBVB    18.9
 61859  6.02  0.00  54.6 SB       71.1
 62613  6.56  0.73  17.0 S         3.4
 62952  5.04  0.33  72.5 S       136.4
 63332  6.02  0.46  30.0 S        28.5
 63336  5.48  0.48  30.2 VB       79.7
 64185  5.78  0.42  34.9 VB       85.2
 64235  5.76  0.41  40.9 VB      557.0
 64379  5.01  0.44  18.0 VB      165.9
 64685  5.86  0.35  38.2 S        54.9
 65626  6.49  0.62 101.6 SB    14096.1
 65810  4.61  0.08  73.0 S       280.6
 66011  6.22  0.57  59.6 S       371.6
 67006  4.84  0.05  66.8 VB      104.6
 67767  5.73  0.81  42.0 S       297.4
 68257  5.63  0.54  25.6 VB       52.5
 68256  6.02  0.54  25.6 VB       52.5
 68255  6.20  0.60  25.6 VB       52.5
 68456  4.76  0.43  21.4 S       141.5
 68457  6.45  0.20 153.1 VB      340.9
 69548  5.89  0.39  31.7 S        80.0
 69830  5.98  0.76  12.6 S         3.0
 69863  5.16  0.09  74.2 VB      535.5
 70267  6.42  0.39  77.9 VB      195.2
 70302  6.13  1.04 218.3 VB     3473.3
 70958  5.61  0.46  27.2 SB      508.5
 71153  7.81  0.52  76.0 VB     1321.3
 71196  6.01  0.40  33.9 S       181.6
 71663  6.39  0.33  85.3 SBVB  1172.4
 71973  6.31  0.00  83.9 SBVB   328.3
 72291  6.24  0.36  37.3 S        77.5
 72688  6.36  0.95 130.7 S     14153.5
 72905  5.64  0.62  14.3 S       128.4
 72945  5.99  0.52  26.5 SBVB    54.9
 72946  7.25  0.71  23.4 VB       42.7
 73029  6.48  0.00 110.5 S       156.7
 73262  4.16  0.00  54.9 SB      218.9
 73752  5.05  0.73  19.9 SBVB     9.6
 73900  6.13  0.42  40.2 SBVB   175.6
 74243  6.33  0.00  65.3 S       212.3
 74341  6.34  0.20  69.5 VB     2994.4
 74405  5.20  0.01  73.3 VB      214.3
 74688  6.41  0.52  87.0 VB      281.6
 74956  1.96  0.04  24.4 VB      134.0
 75332  6.25  0.49  28.7 S       366.3
 75747  6.05  0.23  97.8 SB     2985.0
 76143  5.35  0.42  52.5 VB       73.7
 76151  6.00  0.67  17.1 S        21.6
 76644  3.14  0.19  14.6 SBVB    28.2
 76653  5.71  0.48  24.1 S       215.9
 76943  3.97  0.44  16.4 SBVB   128.2
 77084  6.18  0.46  39.6 S       116.7
 77370  5.16  0.42  26.2 VB      118.6
 78154  4.80  0.49  20.5 VB       12.3
 78366  5.93  0.60  19.1 S        89.8
 78418  5.98  0.66  31.3 SB       51.2
 78661  6.48  0.34  37.7 S        24.8
 79066  6.35  0.32  50.9 S        67.2
 79096  6.51  0.73  20.5 VB       41.9
 80081  3.82  0.06  37.4 SBVB   271.2
 80441  6.12  0.38  47.8 VB      143.8
 80671  5.39  0.42  33.5 VB       43.7
 80719  6.33  0.46  48.3 SB      222.1
 81809  5.38  0.64  31.2 SBVB    12.5
 81919  6.65  0.20 114.7 VB      930.5
 81937  3.67  0.33  23.1 VB       36.9
 81997  4.60  0.46  17.1 S       140.3
 82068  6.05  0.15  68.3 S       331.3
 82428  6.14  0.24  54.3 SB       47.4
 82434  3.60  0.36  18.6 VB      150.9
 82554  5.36  0.45  56.5 S        40.5
 82685  6.42  0.00  69.6 VB      222.7
 82780  6.76  0.35  84.7 SBVB   365.2
 82785  6.43  0.33  72.7 VB      204.9
 82885  5.41  0.77  11.2 VB       24.1
 83261  6.53  0.38  68.3 VB      154.4
 83808  3.52  0.49  41.5 SB       83.4
 83951  6.14  0.36  53.3 S        69.6
 85217  6.24  0.48  45.9 SB      343.4
 86146  5.14  0.46  28.9 SB       41.9
 87141  5.74  0.48  47.3 S       105.6
 87500  6.37  0.37 114.0 S       690.2
 87822  6.24  0.45  63.3 VB      152.6
 88215  5.31  0.36  27.3 SB       10.1
 88742  6.38  0.59  22.7 S        37.6
 89169  6.57  0.48 102.0 VB      551.4
 89490  6.37  0.90  89.8 S      1227.7
 89565  6.32  0.33  53.3 S        40.3
 89569  5.81  0.48  35.8 S       138.4
 89571  5.50  0.00  40.8 S        33.4
 89715  5.67  0.05  89.4 VB      574.6
 89995  6.54  0.46  55.7 VB       91.9
 90089  5.26  0.37  21.5 S       122.9
 90470  6.02  0.17  66.3 S       131.3
 90589  4.00  0.35  16.2 SB       34.5
 90839  4.84  0.52  12.9 S        18.4
 91280  6.05  0.51  42.4 S       136.2
 91480  5.16  0.34  26.5 S        77.7
 91706  6.10  0.50  63.5 S       140.7
 91858  6.57  0.29  57.6 S        91.2
 92139  3.84  0.30  26.5 SBVB   110.1
 92588  6.26  0.88  34.4 S       140.0
 93152  5.24 -0.06 115.7 SB      278.2
 93742  6.61  0.22  95.9 VB      300.4
 94388  5.24  0.47  31.3 S        74.4
 94660  6.11 -0.08 152.0 S      3577.0
 95216  6.55  0.43  44.8 S       102.9
 96202  4.94  0.36  43.5 VB       98.1
 97334  6.41  0.61  21.7 S       125.3
 97495  5.36  0.18  50.0 SB      204.1
 97855  6.50  0.43  39.1 VB       28.7
 98088  6.14  0.20 129.0 SBVB   305.4
 98096  6.31  0.40  55.4 VB      103.2
 98221  6.45  0.40  46.7 S       256.6
 98230  4.87  0.00       SBVB
 98231  4.41  0.59       SBVB
 98353  4.78  0.12  56.1 SB      122.8
 98560  5.99  0.46  37.4 S        93.9
 99028  3.94  0.41  24.2 SBVB    63.3
 99211  4.08  0.21  25.7 VB       13.1
 99285  5.57  0.36  47.3 VB      139.7
 99491  6.50  0.79  17.7 VB        3.5
 99787  5.31  0.01  64.1 SB      195.6
100180  6.20  0.57  23.0 VB       26.4
100286  5.81  0.53  26.7 VB       13.2
100287  5.64  0.53  26.7 VB       13.2
100518  6.55  0.18 113.6 S       565.5
100563  5.77  0.46  26.6 S       134.0
101501  5.33  0.72   9.5 S        16.4
101615  5.55  0.00  64.2 SB      270.8
101688  6.59  0.00  61.3 S       147.8
102510  5.32  0.02  58.9 S        84.9
102634  6.15  0.52  34.2 S        13.9
102660  6.04  0.27  62.7 SB      119.9
102713  5.70  0.46  69.5 SB      254.5
102845  6.13  0.95 206.2 S      7392.9
102870  3.61  0.55  10.9 S        24.3
103287  2.44  0.00  25.6 SB       28.0
104671  4.33  0.27  70.5 SBVB    81.4
104731  5.15  0.41  24.2 S        31.3
104904  6.27  0.59  76.3 S       700.0
105678  6.35  0.50  72.2 S       153.0
105841  6.08  0.39  88.8 S        83.3
106112  5.14  0.33  33.7 SB      274.2
106516  6.11  0.46  22.6 S         8.5
107192  6.28  0.35  46.6 S       237.9
107398  7.13  0.36  92.3 VB      179.7
107705  6.40  0.60  29.8 VB        9.0
108799  6.35  0.56  25.0 VB      340.6
108954  6.21  0.54  21.9 S        11.9
109358  4.26  0.59   8.4 SB        2.7
109573  5.80  0.01  67.1 VB      428.4
110379  3.65  0.36  11.8 SBVB   265.6
110380  3.68  0.00  11.8 VB      265.6
111164  6.07  0.12  74.6 S       281.5
111199  6.26  0.55  66.3 VB      135.1
111395  6.31  0.70  17.2 S        25.6
111456  5.85  0.46  24.2 S       256.8
111998  6.11  0.50  32.5 S       106.0
112014  5.85 -0.06       SBVB
112412  5.60  0.34  33.8 VB       65.6
112413  2.90 -0.12  33.8 VB       65.6
112935  6.02  0.38  40.0 S       199.1
113022  6.20  0.42  40.8 S        86.9
113139  4.93  0.36  25.0 VB       88.1
113337  6.00  0.41  37.4 S       161.8
113848  5.99  0.39  49.9 VB      138.8
114371  5.91  0.42  44.1 SBVB    18.8
114378  5.22  0.45       VB
114379  5.22  0.00       VB
114613  4.85  0.70  20.5 S        23.0
114630  6.16  0.60  39.8 SBVB  1192.3
114710  4.26  0.57   9.2 SB       11.5
115149  6.07  0.44  38.9 S        44.3
115383  5.22  0.59  18.0 VB      327.3
116160  5.69  0.06  65.3 S      1149.8
116235  5.87  0.12  63.7 S       398.1
116568  5.75  0.42  30.1 SB       93.5
116656  2.27  0.02  24.0 SB        8.6
116657  3.95  0.13  24.0 SB        8.6
116842  4.01  0.16  24.9 SB       18.8
117025  6.11  0.11  88.3 S       137.2
117200  6.66  0.37  67.4 VB      115.3
117201  7.04  0.39  65.4 VB      108.3
117661  6.01  0.18  71.7 VB      160.2
118098  3.37  0.11  22.4 S        10.7
118216  4.98  0.40  44.5 SB     5211.8
118261  5.63  0.50  35.5 SBVB    29.4
118646  5.83  0.40  49.0 S       156.1
118889  5.57  0.33  53.5 VB      108.3
119055  5.75  0.01  92.9 VB      869.5
119124  6.32  0.54  25.2 VB      210.5
119288  6.16  0.42  35.8 S        26.2
119756  4.23  0.38  19.3 SB      230.0
120136  4.50  0.48  15.6 VB       90.1
120602  6.01  0.90 123.6 S       605.4
120690  6.45  0.69  19.9 S        13.3
120759  6.12  0.48  53.6 VB      111.0
120874  6.46  0.09  82.5 SB      444.9
120987  5.54  0.44  50.1 SBVB   182.2
121325  6.19  0.53  33.8 VB      733.4
121336  6.14  0.07 142.9 VB     1127.4
121370  2.68  0.58  11.3 SB       10.8
122064  6.37  0.00  10.1 S         0.9
122066  5.77  0.48  57.4 S       404.6
122510  6.18  0.48  38.3 VB       96.6
124115  6.43  0.48  45.9 S        98.0
124580  6.31  0.60  21.1 S        68.5
124425  5.91  0.47  55.7 SB      334.9
125040  6.25  0.49  32.3 VB      192.4
125111  6.38  0.36  48.3 S       137.2
125161  4.75  0.20  29.8 SBVB    36.0
125283  5.94  0.08  68.5 S       305.7
125451  5.41  0.38  26.1 S       125.1
126128  6.86  0.43  65.9 SBVB   273.5
126129  5.12 -0.02  65.9 VB      273.5
126141  6.22  0.37  35.7 S        49.0
126354  4.35  0.43  96.3 SBVB  3265.6
126504  5.83  0.31  58.3 VB       48.8
126660  4.05  0.50  14.6 S       426.7
126722  6.17  0.09  72.3 S       387.0
126868  4.81  0.70  41.4 SBVB  2156.6
126943  6.63  0.37  76.5 S       270.4
126983  5.37  0.05  68.2 SBVB   690.3
127486  5.87  0.48  87.6 S       312.0
127726  6.01  0.22  71.3 VB      245.3
127739  5.92  0.35  51.4 S        56.0
127821  6.09  0.41  31.7 S       100.4
128093  6.33  0.40  42.2 VB      145.0
128167  4.46  0.36  15.5 S        32.3
128429  6.20  0.46  33.4 S       227.9
128620 -0.01  0.71   1.3 SBVB     2.2
128917  6.22  0.45  44.3 S        66.1
129002  5.39  0.00  60.4 SB     1341.9
129798  6.25  0.41  42.6 SBVB    66.2
130109  3.72 -0.01  39.4 S        63.3
130603  6.14  0.48  80.9 VB      227.7
130819  5.15  0.41  23.7 S       128.3
130945  5.74  0.48  46.9 S       106.3
130948  5.85  0.56  17.9 SB      101.9
131156  4.55  0.76   6.7 VB       87.4
131511  6.01  0.83  11.5 SB       33.3
131923  6.35  0.71  24.5 S        16.5
131977  5.74  1.11   5.9 VB        3.5
132254  5.63  0.50  24.8 S        15.3
133002  5.64  0.68  43.3 S       189.5
133408  6.50  0.31  79.1 VB      213.7
133484  6.65  0.46  57.3 VB       50.3
133640  4.76  0.65  12.8 SBVB   496.0
134044  6.35  0.52  29.5 S        17.8
134083  4.93  0.43  19.7 S        56.4
135235  5.95  0.21  51.8 VB       30.9
136347  6.48 -0.06 123.5 VB     2409.4
136351  5.00  0.50  34.2 S       169.2
136359  5.67  0.48  41.7 S       232.8
136751  6.19  0.39  53.8 S        64.2
136933  5.37 -0.11 117.9 VB     1601.4
137052  4.94  0.44  32.4 SB       25.3
137107  5.58  0.58  18.6 SBVB    25.6
137108  6.08  0.00  18.6 VB       25.6
137333  5.57  0.11  66.6 S      1077.2
137392  6.50  0.59  37.3 S       205.6
138268  6.22  0.22       SB
138290  6.57  0.37  50.7 S       292.4
138488  7.00  0.27 101.6 VB     1160.5
138763  6.51  0.58  25.1 S       136.3
139006  2.23 -0.02  22.9 SB       51.5
139389  6.52  0.00  36.0 S        90.0
139460  6.50  0.53  22.6 VB       14.8
139461  6.48  0.52  24.9 SBVB    17.9
139493  5.74  0.00  75.5 VB      443.6
139664  4.64  0.40  17.5 S       131.1
139777  6.58  0.67  22.1 SBVB   362.9
139798  5.75  0.36  35.7 S        17.8
140232  5.81  0.20  53.2 S       181.0
140285  5.94  0.00 141.4 VB     2006.2
140538  5.88  0.68  14.7 SB       16.3
140722  6.51  0.32  68.1 VB      356.5
140901  6.01  0.72  15.2 VB       18.1
141004  4.43  0.60  11.8 SB        4.7
141187  5.71  0.09  77.2 S       247.8
141675  5.86  0.25  79.6 SBVB    78.3
141851  5.11  0.12  48.9 VB       50.9
142529  6.31  0.38  49.5 S        75.3
142542  6.29  0.43  50.5 S        68.5
142860  3.85  0.48  11.1 S         1.9
142908  5.45  0.33  41.5 S        30.4
143333  5.47  0.52  32.8 SB       77.3
143474  4.63  0.24  43.0 VB     3566.3
144069  5.07  0.00       VB
144070  4.77  0.47       SBVB
144284  4.01  0.52  20.9 SB      307.8
144362  6.53  0.48  78.1 SBVB   557.1
144415  5.73  0.29  52.0 VB       44.4
144668  7.05  0.36 207.9 VB    20422.5
145976  6.50  0.39  73.1 VB      105.0
146361  5.64  0.51  21.7 SBVB  4606.1
146362  6.66  0.00  21.7 VB     4606.1
147365  5.46  0.40  26.8 VB      410.8
147449  4.82  0.34  27.4 S        21.8
147513  5.40  0.62  12.9 S        90.6
147553  6.47  0.01 116.8 VB     1009.1
147584  4.91  0.55  12.1 SB      128.6
147787  5.27  0.36  40.4 SBVB   121.1
147869  5.85 -0.01 104.7 SB      473.1
148048  4.95  0.37  29.8 S        22.0
148283  5.54  0.17  78.6 VB      123.1
148367  4.63  0.17  37.5 SBVB   372.0
148515  6.48  0.40  46.4 SBVB    55.7
149303  5.65  0.12  69.1 VB      155.2
149661  5.75  0.82   9.8 S        14.5
150012  6.31  0.41  69.5 S       344.2
150118  6.53 -0.06 121.7 S       418.2
150680  2.81  0.65  10.8 SBVB     8.0
150768  6.58  0.10  91.7 VB      208.8
150894  6.02  0.09 231.5 VB     1438.3
151613  4.85  0.38  26.7 SB      164.8
151676  6.10  0.00  74.2 SB     1344.3
151769  4.65  0.47  37.0 SB      221.4
152107  4.82  0.09  53.7 VB       90.7
152303  5.98  0.42  36.0 VB       86.9
152311  5.88  0.68  28.0 S        13.5
152598  5.32  0.29  30.0 S        55.1
153229  6.59  0.40  48.4 S        59.3
153363  5.75  0.41  33.3 S        72.5
153580  5.29  0.48  26.3 VB      146.6
153597  4.89  0.48  15.1 SB       67.2
153653  6.59  0.23  73.0 SBVB   144.2
153897  6.55  0.41  42.8 S        57.2
154029  5.25  0.02  90.5 S        86.4
154417  6.01  0.58  20.4 S        65.9
154905  5.83  0.00  27.0 VB      294.4
154906  5.80  0.48  27.0 VB      294.4
155078  5.56  0.52  40.3 S       157.8
155379  6.54 -0.04 113.5 S       740.6
155875  6.53  0.60  38.8 VB     1004.8
155885  5.11  0.86   6.0 VB       19.0
155886  5.07  0.85   6.0 SBVB    19.0
156274  5.48  0.80   8.8 VB        1.9
156384  5.91  1.04   7.0 VB        6.1
156717  6.02  0.04 114.4 VB     1390.6
156729  4.65  0.05  54.5 SB       92.5
157482  5.51  0.68  64.4 SB      757.8
157856  6.44  0.46  61.8 S       162.3
157919  4.29  0.40  34.2 S        26.1
157950  4.54  0.39  30.0 SB       77.9
157968  6.21  0.51  45.3 S       138.5
159217  4.59 -0.03 118.2 S       461.9
159222  6.56  0.65  23.7 S         6.8
159312  6.48  0.01 103.7 S       915.0
159541  4.88  0.26  30.3 SB        9.7
159560  4.87  0.28  30.6 SB        9.9
159876  3.54  0.26  32.3 SBVB   841.7
160032  4.77  0.40  21.9 S        48.7
160269  5.23  0.61  14.1 VB       47.3
160910  5.52  0.38  35.5 VB      115.9
160922  4.80  0.43  23.5 SB      209.3
160933  6.42  0.58  42.5 S         5.9
161693  5.75  0.01 126.6 S       207.7
161797  3.42  0.75   8.4 VB        6.2
162003  4.58  0.42  22.0 VB       41.1
162004  5.79  0.53  22.3 VB       42.2
162076  5.69  0.94  76.7 S       543.5
162132  6.43  0.11 131.6 SBVB  1661.5
162579  5.02  0.02  66.5 VB       65.6
162596  6.35  1.12 136.4 SB     1178.9
162917  5.77  0.42  31.4 SB       67.1
163336  5.89  0.05  76.3 VB      905.9
163840  6.30  0.63  28.6 SBVB    26.8
164259  4.62  0.38  23.2 SB      102.5
164764  5.94  0.00  52.0 VB      186.3
164765  5.24  0.38  52.0 SBVB   186.3
164780  6.36  0.98 146.8 S      1776.9
165185  5.95  0.62  17.4 S       146.4
165259  5.85  0.46  40.8 VB      342.3
165341  4.03  0.86   5.1 SBVB    28.6
165567  6.52  0.46  50.2 S       169.3
165645  6.34  0.26  57.3 SBVB   110.3
165777  3.73  0.12  25.4 SBVB     8.6
165908  5.04  0.52  15.7 SBVB     6.5
166045  5.86  0.12  70.1 VB     2239.4
166046  5.90  0.14  50.9 VB     1181.0
166233  5.73  0.37  51.0 VB      107.1
166285  5.69  0.47  46.9 SB       85.0
166865  6.04  0.51  50.9 SBVB   173.5
166866  5.68  0.50  53.1 SBVB   188.6
167425  6.18  0.58  22.9 VB       99.6
167833  6.31  0.38 131.9 S      3939.3
167858  6.63  0.31  62.6 S       115.5
168092  6.37  0.34 106.5 SB      224.2
168151  5.03  0.38  23.5 S       118.6
168913  5.63  0.21  57.6 SB      145.0
169938  6.27  0.16  82.6 S       335.9
170073  4.98  0.08  57.8 SBVB   373.0
170153  3.57  0.49   8.1 SBVB     5.2
170773  6.22  0.42  36.1 S       150.0
170829  6.50  0.79  35.8 SB       19.4
170902  6.37  0.22  74.0 S       248.8
171746  6.21  0.53  34.2 VB      577.8
171834  5.45  0.37  31.7 SB      112.8
172051  5.86  0.68  13.0 S         4.3
172103  6.66  0.42 103.0 S       439.4
172187  6.20  0.24 125.9 SB      257.8
172555  4.79  0.20  29.2 S        70.8
172569  6.06  0.28  71.7 SB       32.6
172728  5.74 -0.06 130.5 S       303.6
173093  6.31  0.48  69.6 S       608.4
173282  6.36  0.45  56.8 S       236.6
173494  6.31  0.40  44.4 S        48.2
173582  5.06  0.16  49.8 S       189.1
173583  6.02  0.00  49.8 S       189.1
173648  4.36  0.19  47.1 SBVB   571.6
173649  5.73  0.28  46.0 SBVB   546.1
173667  4.19  0.46  19.1 S       123.4
174115  6.75  0.20 128.4 SBVB   649.4
175225  5.51  0.84  26.1 S       245.0
175286  5.35  0.05  93.2 SB      203.5
175317  5.79  0.36  32.0 S        75.5
175813  4.87  0.41  29.9 SB       69.9
175938  6.39  0.28  88.3 S       243.4
176051  5.22  0.59  15.0 VB       11.5
176095  6.21  0.46  56.7 S        99.7
176303  5.23  0.53  47.6 VB      653.9
176668  6.45  0.93  93.5 VB     1250.2
177171  5.16  0.53  52.4 SB     6572.8
177178  5.83  0.18  55.2 SB      255.2
177196  5.01  0.19  39.2 S       105.3
177474  4.93  0.52  17.9 SBVB     7.5
177475  4.99  0.52  17.9 VB        7.5
177552  6.53  0.35  44.8 S        92.7
177565  6.16  0.72  17.2 S        11.4
177724  2.99  0.01  25.5 SB       84.9
178089  6.54  0.38  60.8 S       160.0
178428  6.07  0.70  21.0 SBVB    16.8
178449  5.23  0.34  40.6 SBVB    40.1
178476  6.23  0.40  43.8 VB       38.6
178619  6.48  0.52  72.5 SB      300.2
178911  6.74  0.63  49.0 VB       99.6
179094  5.81  1.09  70.2 SB     6849.5
179422  6.36  0.41  43.1 S       117.4
179949  6.25  0.54  27.0 S        41.0
180777  5.13  0.31  27.3 S        86.9
180782  6.19  0.02  84.5 S       255.3
181321  6.48  0.63  20.9 S       257.1
181655  6.31  0.68  25.2 S        55.2
182101  6.35  0.44  35.7 S        93.2
182475  6.52  0.33 100.8 S       155.3
182572  5.16  0.77  15.1 S         3.9
182640  3.36  0.32  15.4 SB       36.5
182761  6.31 -0.02 122.5 S      1210.4
183007  5.71  0.22  57.4 SB      122.3
183806  5.61 -0.04 133.9 S       532.1
184102  6.05  0.07  94.7 SB      189.8
184663  6.38  0.41  42.0 S       241.0
185124  5.46  0.43  32.1 S        84.9
185144  4.68  0.79   5.8 S         4.1
185395  4.48  0.38  18.6 VB       81.4
185912  5.82  0.44  39.8 SB      156.8
186185  5.49  0.46  36.7 S        96.0
186882  2.87 -0.03  52.4 SBVB   263.3
187013  4.99  0.47  20.9 VB       47.8
187532  5.39  0.38  26.4 VB       26.5
187642  0.77  0.22   5.1 S         6.4
187691  5.11  0.55  19.4 VB       11.3
187753  6.25  0.10 116.6 S       370.2
187949  6.48  0.14 116.6 SBVB  6865.9
188074  6.20  0.36  66.1 SB      294.3
188088  6.18  1.02  14.2 SBVB    58.0
188376  4.70  0.75  23.8 SB       20.9
188512  3.71  0.86  13.7 S        36.3
188642  6.55  0.39  52.7 S       196.9
188728  5.28 -0.01  63.1 SB      122.1
189245  5.66  0.49  20.9 SB      799.9
189296  6.12  0.00  85.7 S        70.1
190248  3.56  0.76   6.1 S         1.8
190406  5.80  0.61  17.7 S        28.5
190422  6.26  0.53  23.2 S       118.5
190771  6.19  0.64  18.9 VB      175.8
191026  5.36  0.85  24.2 VB      161.6
191096  6.21  0.43  52.2 S       190.9
191104  6.43  0.46  43.3 SBVB   113.3
191195  5.85  0.39  36.5 S        17.5
191329  6.54  0.13 200.0 S       607.6
192455  5.75  0.47  48.7 S       271.3
192983  6.31  0.00 108.8 VB       52.6
192985  5.91  0.38  34.5 S        36.8
193592  5.76  0.11  89.2 SBVB   291.8
194012  6.17  0.51  26.1 S        23.0
194943  4.78  0.38  30.3 S        57.1
195050  5.62  0.06  82.9 S        56.9
195068  5.69  0.26  37.7 S        99.9
196524  3.63  0.44  29.9 SBVB   392.2
196755  5.05  0.72  30.1 S        43.7
197120  6.08  0.14  82.0 SBVB   128.0
197373  6.01  0.46  33.2 S       117.8
197649  6.49  0.39  69.3 SB      239.7
197692  4.14  0.43  14.7 S       124.5
197963  5.14  0.49  31.6 VB      295.2
197964  4.27  1.04  31.1 VB      287.0
198001  3.77  0.00  70.4 S       104.0
198149  3.43  0.92  14.3 VB        1.2
198571  5.99  0.46  58.9 VB      104.5
199260  5.70  0.50  21.0 S       150.8
199603  6.01  0.23  84.5 SB     1234.0
199629  3.94  0.02 109.1 SB      788.3
199766  5.23  0.46  60.3 SBVB   554.9
199960  6.21  0.63  26.5 S         5.7
200163  5.30  0.41  35.3 S       136.2
200375  6.25  0.48  65.9 VB      291.7
200499  4.84  0.17  48.4 VB      188.4
200525  5.68  0.59  18.7 VB       64.8
200740  6.37  0.98 119.0 S       643.7
200790  5.94  0.54  37.0 VB      353.5
201091  5.21  1.18   3.5 VB        2.8
201352  6.25  0.38  53.9 S       266.7
201636  5.87  0.40  49.1 S        52.8
201647  5.83  0.45  32.4 S        83.6
201671  6.68  0.03       SBVB
202444  3.72  0.39  20.9 SBVB    75.0
202582  6.39  0.60  41.4 VB       37.9
202730  4.39  0.19  29.8 VB      341.3
203006  4.82  0.02  57.2 S       411.2
203280  2.44  0.22  15.0 S         7.1
203454  6.40  0.53  26.6 SB      436.7
204121  6.13  0.44  47.9 S       128.5
204153  5.60  0.32  34.3 S        21.5
204188  6.07  0.22  46.0 SB     3631.1
204485  5.80  0.32  44.6 S       106.3
204577  6.57  0.41 133.2 S       894.0
205289  5.69  0.40  27.1 S       103.0
205765  6.25  0.06 122.2 VB      322.3
205835  5.01  0.18  63.3 S        36.6
206043  5.85  0.32  39.1 S        37.4
206301  5.18  0.65  32.5 SB      702.8
206774  5.65  0.00  83.5 S      4326.6
206826  4.73  0.48  22.4 SBVB    68.8
206827  6.08  0.36  22.4 VB       68.8
206860  5.94  0.59  18.4 S       176.7
206901  4.13  0.43  35.3 SBVB   290.0
207098  2.87  0.29  11.8 SB      187.5
207129  5.58  0.60  15.6 VB       11.2
207223  6.21  0.34  50.3 S        89.2
208177  6.20  0.48  69.7 VB      293.4
208496  6.12  0.46  66.5 SB     2300.1
208703  6.33  0.37  55.6 S       288.4
209100  4.69  1.06   3.6 S         1.6
209369  5.03  0.44  37.5 S       280.5
209790  4.29  0.34  31.2 SBVB   169.7
209942  6.98  0.52  39.4 SBVB  3921.2
210027  3.76  0.44  11.8 SB       22.5
210049  4.50  0.05  40.0 S        89.6
210460  6.18  0.69  55.5 S       348.2
210464  6.09  0.50  56.7 S       360.7
210705  6.03  0.38  43.5 S        63.3
210715  5.40  0.15  54.8 S       219.6
210762  5.92  1.51       S
210855  5.24  0.51  37.0 S       154.5
210884  5.50  0.38  32.7 VB       56.9
211415  5.37  0.60  13.6 VB       12.2
211575  6.39  0.44  41.5 VB       23.3
212061  3.84 -0.05  48.4 SBVB    92.9
212071  6.42  0.00 505.1 S      4488.8
212404  5.78 -0.04 130.0 VB      448.2
212697  6.57  0.00  20.1 VB      270.4
212698  6.35  0.61  20.1 VB      270.4
212728  5.55  0.20  43.6 S        36.4
213051  4.59  0.00  31.7 VB      525.5
213052  4.42  0.38  31.7 VB      525.5
213235  5.48  0.38  52.8 SBVB    27.2
213398  4.29  0.01  45.5 VB       88.5
213403  5.83  0.15  62.6 S        81.1
213428  6.16  1.08 145.1 S      2097.5
213429  6.14  0.56  25.5 VB       32.6
213845  5.20  0.44  22.7 S       115.5
214019  6.34  0.00 122.7 VB      104.9
214085  6.28  0.12  69.4 SB      169.9
214298  6.30  0.00 256.4 S      3758.3
214810  6.31  0.52  33.5 VB       36.1
214850  5.71  0.72  32.8 VB       22.2
215121  6.30  0.56 135.5 S       982.0
216172  6.19  0.00  62.5 VB      256.4
216803  6.48  1.10   7.6 S        21.4
216900  6.51  0.18  81.6 VB      337.9
217792  5.11  0.29  28.6 SB      302.1
218227  4.28  0.42  40.8 VB      111.1
218235  6.13  0.44  43.2 SB      143.7
218261  6.30  0.49  28.3 S        62.9
218396  5.99  0.26  39.9 S        14.7
218470  5.70  0.44  34.1 S        37.7
218630  5.81  0.48  34.6 VB      241.8
218804  5.94  0.44  28.3 S        66.8
219134  5.56  1.01   6.5 S         0.4
219291  6.41  0.45 112.7 VB      309.3
219482  5.66  0.51  20.6 S       267.5
219487  6.60  0.40  43.0 S        52.3
219693  5.53  0.44  34.6 S        95.6
219832  4.98 -0.02  76.3 VB      834.0
219834  5.08  0.80  20.7 SBVB     7.7
219877  5.55  0.39  34.8 SBVB   177.9
220003  6.05  0.42  90.2 VB      782.5
220096  5.64  0.82 100.8 S     34175.4
220105  6.13  0.17  80.0 VB      121.2
220117  5.77  0.46  42.4 S       120.3
220242  6.62  0.37  65.1 S       119.1
220729  5.52  0.40  32.0 SB      126.2
221970  6.35  0.46  77.0 S       250.8
222143  6.58  0.66  23.1 S       117.1
222345  5.00  0.24  41.0 SB       99.9
222368  4.13  0.51  13.8 S         9.3
222451  6.23  0.39  44.2 S       101.4
223352  4.57  0.01  44.0 S       379.4
223421  6.33  0.40  76.6 S       380.1
223552  6.44  0.37  40.5 VB      277.2
223778  6.39  0.98  10.8 SB       36.4
223781  5.30  0.18  57.8 S        99.6
224361  5.97  0.11  62.9 S       314.3
224617  4.01  0.42  32.5 SBVB    51.1
224758  6.46  0.50  78.7 S       255.9
224930  5.75  0.67  12.4 SB        3.2
225003  5.63  0.29  37.7 S        76.2
225045  6.25  0.53  61.9 S       183.8
225233  7.31  0.44  91.6 S        96.0
225239  6.12  0.62  36.8 S       700.2
