   123  5.96  0.67  20.3 VB      104.4
   661  6.64  0.37  66.4 VB       74.1
  1185  6.15  0.05  93.0 VB      210.0
  2475  6.43  0.59  32.2 VB      136.9
  4150  4.36  0.00  73.7 VB      270.0
  4391  5.80  0.64  14.9 VB       55.8
  5156  6.46  0.44  74.5 VB      232.8
  5190  6.22  0.56  61.2 VB      125.2
  6288  6.04  0.27  56.6 VB      120.5
  6479  6.35  0.38  45.7 VB       72.6
  6480  7.25  0.49  44.1 VB       67.4
  7439  5.13  0.46  24.4 VB       74.0
  7788  4.86  0.47  20.4 VB      161.3
  8272  6.45  0.00  57.7 VB      214.2
  8803  6.58 -0.04 160.0 VB     1071.6
  9132  5.12  0.02  67.9 VB      353.3
  9906  5.69  0.33  62.0 VB      121.2
 10453  5.75  0.44  37.3 VB       38.5
 10543  6.21  0.10  79.2 VB     1685.7
 10830  5.31  0.39  27.4 VB      155.0
 11257  5.94  0.30  42.6 VB       48.8
 11262  6.37  0.52  27.1 VB       14.8
 13594  6.06  0.40  41.5 VB      227.4
 13612  5.54  0.57  46.1 VB       45.9
 13872  5.58  0.49  48.1 VB      155.7
 15089  4.52  0.12  43.4 VB      372.1
 16232  7.09  0.50  39.4 VB      721.0
 16754  4.75  0.06  39.8 VB      667.8
 16765  5.71  0.52  21.6 VB      200.5
 16895  4.12  0.49  11.2 VB       10.7
 16955  6.35  0.08 107.9 VB      262.5
 16970  3.47  0.09  25.1 VB      219.9
 17240  6.30  0.00  47.1 VB       74.2
 20010  3.87  0.52  14.1 VB      524.6
 20193  6.31  0.37  62.0 VB      110.1
 20995  5.61 -0.03 161.6 VB      811.7
 21903  6.46  0.39  56.0 VB      163.3
 22001  4.72  0.40  21.4 VB       22.0
 22049  3.73  0.88   3.2 VB       20.9
 23793  5.07 -0.13 173.3 VB     1809.8
 24071  5.40  0.01  49.4 VB      134.7
 24554  6.14  0.09 105.7 VB     2448.8
 26965  4.43  0.82   5.0 VB        4.1
 27442  4.44  1.08  18.2 VB        6.9
 27710  6.01  0.35  54.3 VB      344.7
 27786  5.76  0.40  41.7 VB      229.5
 28255  6.29  0.66  27.1 VB       16.4
 28763  6.21  0.12 122.5 VB      532.2
 29316  5.35  0.32  85.0 VB      524.6
 29646  5.78 -0.03 102.7 VB      975.0
 29875  4.45  0.34  20.1 VB      167.0
 30985  6.07  0.37  52.3 VB      129.6
 31203  5.61  0.33  37.1 VB      131.3
 31204  6.42  0.00  32.1 VB       98.3
 31647  4.94  0.04  48.8 VB     1656.2
 31662  6.03  0.41  36.9 VB      104.7
 31761  5.95  0.41  53.0 VB       63.7
 32743  5.38  0.42  26.2 VB      104.9
 33054  5.34  0.33  59.4 VB       73.5
 33204  6.01  0.27  54.7 VB      109.8
 33564  5.05  0.47  21.0 VB       14.1
 34499  6.49  0.24  72.2 VB      109.8
 36570  6.15  0.01 114.0 VB      667.1
 36777  5.36  0.05 105.8 VB      364.1
 41824  6.58  0.72  29.7 VB     1809.6
 42111  5.73  0.07 186.9 VB     3350.9
 42303  5.50  0.00  80.1 VB      184.3
 42443  5.71  0.44  54.1 VB      184.9
 43017  6.92  0.45  48.3 VB       28.5
 43042  5.20  0.44  21.1 VB       55.3
 43683  6.16  0.01 195.3 VB     1292.0
 44333  6.31  0.24 102.5 VB      411.2
 44770  6.72  0.45  24.3 VB       32.7
 45380  6.27 -0.04 125.5 VB     2640.5
 45680  6.48  0.39  49.8 VB      336.7
 46304  5.60  0.25  43.2 VB      196.3
 47144  5.59 -0.14 177.9 VB     2209.4
 48189  6.18  0.62  21.7 VB      981.5
 48501  6.13  0.34  48.9 VB       79.7
 48543  6.29  0.34  91.3 VB      259.1
 48682  5.25  0.56  16.5 VB       11.4
 48766  6.28  0.47  47.0 VB      217.0
 49933  5.77  0.39  29.9 VB      317.0
 50018  6.12  0.37 162.6 VB     1397.4
 51733  5.46  0.36  38.6 VB      109.6
 51825  6.23  0.46  43.2 VB      754.6
 53952  6.14  0.37  55.7 VB       34.4
 54958  6.23  0.40  49.8 VB      116.1
 57852  6.05  0.42  34.8 VB      387.5
 57853  6.60  0.59  34.8 VB      387.5
 60585  5.87  0.00  29.1 VB      256.6
 63336  5.48  0.48  30.2 VB       79.7
 64185  5.78  0.42  34.9 VB       85.2
 64235  5.76  0.41  40.9 VB      557.0
 64379  5.01  0.44  18.0 VB      165.9
 67006  4.84  0.05  66.8 VB      104.6
 68257  5.63  0.54  25.6 VB       52.5
 68256  6.02  0.54  25.6 VB       52.5
 68255  6.20  0.60  25.6 VB       52.5
 68457  6.45  0.20 153.1 VB      340.9
 69863  5.16  0.09  74.2 VB      535.5
 70267  6.42  0.39  77.9 VB      195.2
 70302  6.13  1.04 218.3 VB     3473.3
 71153  7.81  0.52  76.0 VB     1321.3
 72946  7.25  0.71  23.4 VB       42.7
 74341  6.34  0.20  69.5 VB     2994.4
 74405  5.20  0.01  73.3 VB      214.3
 74688  6.41  0.52  87.0 VB      281.6
 74956  1.96  0.04  24.4 VB      134.0
 76143  5.35  0.42  52.5 VB       73.7
 77370  5.16  0.42  26.2 VB      118.6
 78154  4.80  0.49  20.5 VB       12.3
 79096  6.51  0.73  20.5 VB       41.9
 80441  6.12  0.38  47.8 VB      143.8
 80671  5.39  0.42  33.5 VB       43.7
 81919  6.65  0.20 114.7 VB      930.5
 81937  3.67  0.33  23.1 VB       36.9
 82434  3.60  0.36  18.6 VB      150.9
 82685  6.42  0.00  69.6 VB      222.7
 82785  6.43  0.33  72.7 VB      204.9
 82885  5.41  0.77  11.2 VB       24.1
 83261  6.53  0.38  68.3 VB      154.4
 87822  6.24  0.45  63.3 VB      152.6
 89169  6.57  0.48 102.0 VB      551.4
 89715  5.67  0.05  89.4 VB      574.6
 89995  6.54  0.46  55.7 VB       91.9
 93742  6.61  0.22  95.9 VB      300.4
 96202  4.94  0.36  43.5 VB       98.1
 97855  6.50  0.43  39.1 VB       28.7
 98096  6.31  0.40  55.4 VB      103.2
 99211  4.08  0.21  25.7 VB       13.1
 99285  5.57  0.36  47.3 VB      139.7
 99491  6.50  0.79  17.7 VB        3.5
100180  6.20  0.57  23.0 VB       26.4
100286  5.81  0.53  26.7 VB       13.2
100287  5.64  0.53  26.7 VB       13.2
107398  7.13  0.36  92.3 VB      179.7
107705  6.40  0.60  29.8 VB        9.0
108799  6.35  0.56  25.0 VB      340.6
109573  5.80  0.01  67.1 VB      428.4
110380  3.68  0.00  11.8 VB      265.6
111199  6.26  0.55  66.3 VB      135.1
112412  5.60  0.34  33.8 VB       65.6
112413  2.90 -0.12  33.8 VB       65.6
113139  4.93  0.36  25.0 VB       88.1
113848  5.99  0.39  49.9 VB      138.8
114378  5.22  0.45       VB    
114379  5.22  0.00       VB    
115383  5.22  0.59  18.0 VB      327.3
117200  6.66  0.37  67.4 VB      115.3
117201  7.04  0.39  65.4 VB      108.3
117661  6.01  0.18  71.7 VB      160.2
118889  5.57  0.33  53.5 VB      108.3
119055  5.75  0.01  92.9 VB      869.5
119124  6.32  0.54  25.2 VB      210.5
120136  4.50  0.48  15.6 VB       90.1
120759  6.12  0.48  53.6 VB      111.0
121325  6.19  0.53  33.8 VB      733.4
121336  6.14  0.07 142.9 VB     1127.4
122510  6.18  0.48  38.3 VB       96.6
125040  6.25  0.49  32.3 VB      192.4
126129  5.12 -0.02  65.9 VB      273.5
126504  5.83  0.31  58.3 VB       48.8
127726  6.01  0.22  71.3 VB      245.3
128093  6.33  0.40  42.2 VB      145.0
130603  6.14  0.48  80.9 VB      227.7
131156  4.55  0.76   6.7 VB       87.4
131977  5.74  1.11   5.9 VB        3.5
133408  6.50  0.31  79.1 VB      213.7
133484  6.65  0.46  57.3 VB       50.3
135235  5.95  0.21  51.8 VB       30.9
136347  6.48 -0.06 123.5 VB     2409.4
136933  5.37 -0.11 117.9 VB     1601.4
137108  6.08  0.00  18.6 VB       25.6
138488  7.00  0.27 101.6 VB     1160.5
139460  6.50  0.53  22.6 VB       14.8
139493  5.74  0.00  75.5 VB      443.6
140285  5.94  0.00 141.4 VB     2006.2
140722  6.51  0.32  68.1 VB      356.5
140901  6.01  0.72  15.2 VB       18.1
141851  5.11  0.12  48.9 VB       50.9
143474  4.63  0.24  43.0 VB     3566.3
144069  5.07  0.00       VB    
144415  5.73  0.29  52.0 VB       44.4
144668  7.05  0.36 207.9 VB    20422.5
145976  6.50  0.39  73.1 VB      105.0
146362  6.66  0.00  21.7 VB     4606.1
147365  5.46  0.40  26.8 VB      410.8
147553  6.47  0.01 116.8 VB     1009.1
148283  5.54  0.17  78.6 VB      123.1
149303  5.65  0.12  69.1 VB      155.2
150768  6.58  0.10  91.7 VB      208.8
150894  6.02  0.09 231.5 VB     1438.3
152107  4.82  0.09  53.7 VB       90.7
152303  5.98  0.42  36.0 VB       86.9
153580  5.29  0.48  26.3 VB      146.6
154905  5.83  0.00  27.0 VB      294.4
154906  5.80  0.48  27.0 VB      294.4
155875  6.53  0.60  38.8 VB     1004.8
155885  5.11  0.86   6.0 VB       19.0
156274  5.48  0.80   8.8 VB        1.9
156384  5.91  1.04   7.0 VB        6.1
156717  6.02  0.04 114.4 VB     1390.6
160269  5.23  0.61  14.1 VB       47.3
160910  5.52  0.38  35.5 VB      115.9
161797  3.42  0.75   8.4 VB        6.2
162003  4.58  0.42  22.0 VB       41.1
162004  5.79  0.53  22.3 VB       42.2
162579  5.02  0.02  66.5 VB       65.6
163336  5.89  0.05  76.3 VB      905.9
164764  5.94  0.00  52.0 VB      186.3
165259  5.85  0.46  40.8 VB      342.3
166045  5.86  0.12  70.1 VB     2239.4
166046  5.90  0.14  50.9 VB     1181.0
166233  5.73  0.37  51.0 VB      107.1
167425  6.18  0.58  22.9 VB       99.6
171746  6.21  0.53  34.2 VB      577.8
176051  5.22  0.59  15.0 VB       11.5
176303  5.23  0.53  47.6 VB      653.9
176668  6.45  0.93  93.5 VB     1250.2
177475  4.99  0.52  17.9 VB        7.5
178476  6.23  0.40  43.8 VB       38.6
178911  6.74  0.63  49.0 VB       99.6
185395  4.48  0.38  18.6 VB       81.4
187013  4.99  0.47  20.9 VB       47.8
187532  5.39  0.38  26.4 VB       26.5
187691  5.11  0.55  19.4 VB       11.3
190771  6.19  0.64  18.9 VB      175.8
191026  5.36  0.85  24.2 VB      161.6
192983  6.31  0.00 108.8 VB       52.6
197963  5.14  0.49  31.6 VB      295.2
197964  4.27  1.04  31.1 VB      287.0
198149  3.43  0.92  14.3 VB        1.2
198571  5.99  0.46  58.9 VB      104.5
200375  6.25  0.48  65.9 VB      291.7
200499  4.84  0.17  48.4 VB      188.4
200525  5.68  0.59  18.7 VB       64.8
200790  5.94  0.54  37.0 VB      353.5
201091  5.21  1.18   3.5 VB        2.8
202582  6.39  0.60  41.4 VB       37.9
202730  4.39  0.19  29.8 VB      341.3
205765  6.25  0.06 122.2 VB      322.3
206827  6.08  0.36  22.4 VB       68.8
207129  5.58  0.60  15.6 VB       11.2
208177  6.20  0.48  69.7 VB      293.4
210884  5.50  0.38  32.7 VB       56.9
211415  5.37  0.60  13.6 VB       12.2
211575  6.39  0.44  41.5 VB       23.3
212404  5.78 -0.04 130.0 VB      448.2
212697  6.57  0.00  20.1 VB      270.4
212698  6.35  0.61  20.1 VB      270.4
213051  4.59  0.00  31.7 VB      525.5
213052  4.42  0.38  31.7 VB      525.5
213398  4.29  0.01  45.5 VB       88.5
213429  6.14  0.56  25.5 VB       32.6
214019  6.34  0.00 122.7 VB      104.9
214810  6.31  0.52  33.5 VB       36.1
214850  5.71  0.72  32.8 VB       22.2
216172  6.19  0.00  62.5 VB      256.4
216900  6.51  0.18  81.6 VB      337.9
218227  4.28  0.42  40.8 VB      111.1
218630  5.81  0.48  34.6 VB      241.8
219291  6.41  0.45 112.7 VB      309.3
219832  4.98 -0.02  76.3 VB      834.0
220003  6.05  0.42  90.2 VB      782.5
220105  6.13  0.17  80.0 VB      121.2
223552  6.44  0.37  40.5 VB      277.2
